0.110300
0.110700
0.110700
-0.098400
0.082700
0.082700
-0.098400
0.082700
0.082700
0.110300
0.110700
0.110700
-0.682400
0.482800
0.103800
0.099200
0.099200
0.099400
0.091700
0.091700
-0.361900
0.082100
-0.133500
-0.111500
0.153500
0.139000
-0.133500
0.139000
-0.111500
0.153500
0.132600
-0.714300
0.451800
0.893900
-0.747000
0.488200
-0.386900
-0.037800
0.048700
0.048700
0.048700
0.040100
-0.791000
0.687200
-0.728300
0.436800
0.133600
-0.098000
-0.127000
-0.049000
0.157000
0.155000
0.150000
-0.002000
0.161000
-0.389500
1.518200
-0.707300
-0.707300
-0.918100
0.464800
0.256200
-0.117433
0.053589
0.053589
0.053589
-0.117433
0.053589
0.053589
0.053589
-0.117433
0.053589
0.053589
0.053589
