1-4_eel_avg	1-4_eel_se	1-4_vdw_avg	1-4_vdw_se	angle_avg	angle_se	bond_avg	bond_se	dihed_avg	dihed_se	ecavity_avg	ecavity_se	edisper_avg	edisper_se	eel_avg	eel_se	epb_avg	epb_se	vdwaals_avg	vdwaals_se	egb_avg	egb_se	esurf_avg	esurf_se	pb_tot_avg	pb_tot_se	gb_tot_avg	gb_tot_se
-1.0579765766119351	2.9801051344480896	0.2136441572580452	0.5552783508090581	-0.27579954032251663	1.3190090023408014	0.040898431451672934	0.83258399969785	-2.0379394838707796	1.0979116992108833	-4.612180572580643	0.2357689632777079	0.0	0.0	-31.69352910080523	18.119660170118006	52.055880419354764	17.09897471349856	-53.13985538709687	1.5136788980721154	33.90497647177392	17.835859615622663	-7.756263772287091	0.5411922258985109	-40.50685765322544	3.17566254868819	-61.801844800513706	3.419268677920742
-11.822947201611612	3.0446584516870385	0.291347907258114	0.44718580663078955	0.9077909596774418	1.4555989376526066	1.360838306451674	0.8480914685385444	-1.0855328588705255	1.164108871344702	-5.357369572580646	0.23853324620171643	0.0	0.0	-24.142483600804923	18.986146439048365	74.76019791935461	17.884682719462784	-54.11203501209669	1.5000169622017827	58.05812972177404	18.615895173778604	-8.696752608687103	0.5421540944255745	-19.200193153225314	3.275232348221766	-39.24164438691329	3.768067157039753
5.727200923388978	2.764577656123638	0.3519789233871897	0.4733117211448788	-1.25153689919361	1.1691023909339433	0.7344736733871358	0.8418995910481866	0.12478131048414554	0.9439231618550674	-4.268022705645157	0.24205648319300882	0.0	0.0	-58.158551383064776	19.50838270641307	80.5497109596774	18.284672783662216	-39.73546920161277	1.5154549125370143	78.23777288306431	18.92854705841152	-8.053171495780651	0.5467989839431953	-15.925434399193477	3.236149212024797	-22.02252126594186	3.5756278625464692
-2.2801465766115143	2.7156202544735706	0.30055965725808775	0.4957043648796323	2.246079584677453	1.3625011276657646	-0.7744554435483089	0.9034906193512368	-3.4399118588709925	1.0432828906892246	-5.396020447580649	0.24044079010200736	0.0	0.0	-50.904155225805425	18.77638962545618	86.14970479435512	17.86863523751271	-57.907862012096956	1.5233619033754062	74.16921497177444	18.563490350339446	-9.477877344387103	0.5481117326414243	-32.00620752822522	3.3924381126166328	-48.06855424761335	3.494724008224859
1.2290895483876625	3.385873068250118	0.0265620322581146	0.5398566495850149	0.5602630846771497	1.418177065455562	-0.3960761935484918	0.9461116922627564	-0.5833406088708557	1.1634387533393344	-4.6679284475806515	0.23753586325831233	0.0	0.0	-85.54030297580717	19.6711252465291	115.74007516935497	17.86516059747406	-38.528995262096984	1.6095128747478513	124.49085147177391	18.610527021031228	-9.364007804487095	0.5434780849999152	-12.160653653225381	3.3457311720199607	-8.105956707712863	3.333891683387169
-3.2121968266123915	2.751368575637077	-0.002375967741881979	0.4815302998391292	0.7791129596773949	1.3289275245268102	0.6236636814517151	0.8174822273343956	-2.643709983871169	1.0873064752801018	-4.597423197580649	0.23676938854543356	0.0	0.0	-65.82524285080567	17.578437353546008	102.38696016935494	16.70947018949308	-41.99064638709681	1.5224317193379666	102.89943459677421	17.42241747331315	-8.519917833987092	0.5434424401518022	-14.481858403225871	3.241792908257428	-17.891878612212807	3.408864954013096
0.1065415483886909	2.47386877333451	0.964779032258118	0.4877495556151463	1.4022114596772965	1.2927445797471027	0.0811696814516285	0.8721999247486902	-1.2292916088711294	1.1111432405843793	-4.739503072580642	0.24510226247888095	0.0	0.0	-82.62605072580868	17.875588743273077	113.90855279435495	17.11863662199848	-39.58252501209689	1.6693191852457057	109.97467784677389	17.903626574309854	-8.857252617387095	0.5539665729774355	-11.71411590322549	3.7438625303560893	-19.765740395612738	3.8881697629714447
0.8658179233881249	2.821428428989024	0.216322532258026	0.46195569331628217	0.4038688346773327	1.3406989103908669	0.2740801814516285	0.9207452127483876	0.05554276612924269	0.959329352587172	-4.572452072580651	0.23995323369554944	0.0	0.0	-87.86062285080725	19.117304066632425	119.27602629435468	18.01384439495256	-43.099499262096806	1.6982633359184403	120.73778747177425	18.730253388213153	-8.900572676487101	0.5488089869380292	-14.440915653225659	3.3069054938074824	-17.307275079713364	3.501184900235094
-0.8639557016113883	2.8946378608436008	-0.0625855927418888	0.4754035081128591	2.2207597096776723	1.3420925014267997	-0.19598081854844285	0.8789614100654558	-1.4400026088706497	1.1090713979266342	-4.745778197580645	0.24534444404468808	0.0	0.0	-76.4923173508065	19.32041779790409	108.32700929435494	18.110990624986268	-39.53493863709689	1.5113978273509163	108.73602447177394	18.574849582103795	-8.9114730705871	0.5564433385012401	-12.787789903225274	3.8026585480032806	-16.544469598812952	3.959850270136711
0.051615048388967466	2.748201095752852	-0.11559471774192076	0.4911447983800615	-0.19549341532253983	1.3145625770800284	0.14582893145163922	0.7355259647902458	0.7308162661293736	1.0536488821073915	-4.086587322580641	0.23656069545278235	0.0	0.0	-89.40493810080625	18.303862374785663	121.86139766935486	17.13610532740849	-32.73531538709691	1.764009670065986	120.64083872177389	17.939661053534984	-8.414460882987106	0.5440800069237877	-3.7482710282252185	3.741133211218297	-9.296703536213641	3.8623808115142126
-1.5385360766116492	2.6735411070594433	0.39459178225804514	0.4517769702947907	0.26851758467740794	1.4225231418907545	-0.0702545685483047	0.7388036149781884	-1.3736863588708665	1.0421880245966946	-4.335144447580641	0.23667054721993244	0.0	0.0	-76.2895063508071	18.61129351607913	111.60912891935487	17.416993672107736	-37.84404676209681	1.4954500953877907	111.72853847177382	18.23929259355135	-9.273628089987096	0.5403292664581162	-9.178936278226416	3.212509940013182	-13.998010368213002	3.4321796124775017
-1.1037273266114198	2.6292862003717015	-0.27867371774193117	0.42971307620256743	-0.08615704032263594	1.256204485138834	1.0784878064516201	0.8249052458658227	-1.7043261088709194	1.129283622807948	-4.253597572580645	0.23891427689139044	0.0	0.0	-68.1079173508057	17.951813664566348	106.49854041935495	17.301196528304683	-36.22262876209698	1.6954843258424024	104.29252722177387	17.92413995104463	-9.058202117187086	0.5482046751275259	-4.179999653225394	3.432836957973083	-11.190617395413213	3.5534116774532807
0.6924631733883189	2.5904670506184813	0.28653253225816044	0.5339147866693069	-0.4415652903225187	1.264801869334792	0.3216213064516271	0.9930015863505021	-1.3843741088708157	1.1212935023443549	-4.806273572580645	0.2377132300853663	0.0	0.0	-46.06932160080541	18.73459450694221	74.58937141935482	17.743925522344448	-47.90205101209677	1.4809114508728696	75.04390609677392	18.525417212101004	-8.258391280887093	0.542715235104372	-24.713597153225734	3.2121951599626035	-27.711180184112692	3.510040360870566
1.9610450483878594	2.6487364669365774	-0.02168771774198852	0.4369891070144325	-0.3111991653226305	1.3209134703767558	0.37492630645158354	0.7758165869461994	0.31225251612919536	1.093631802118695	-4.488019572580644	0.23570648358443752	0.0	0.0	-79.49722285080736	18.233114089648176	103.43201891935533	17.183315562002527	-39.44960463709677	1.536485383858884	110.35250084677429	18.034816299806707	-8.610855738387102	0.54759675552187	-17.68749115322572	3.3532039961972226	-14.889845391612994	3.437997572957962
1.8763362983889351	2.455839073626083	-0.19362646774193593	0.4618059979475065	-0.4715116653225806	1.2867620068202612	0.23995330645163904	0.7951445128810385	-0.19562498387122673	1.0980571360977438	-4.734261447580644	0.23946571227794347	0.0	0.0	-49.98623885080585	17.898252466704804	76.18356929435456	16.951237612645187	-44.60292813709688	1.5887398911725559	80.8034219717739	17.83878494270847	-8.387523340287093	0.5465527356852039	-21.88433265322496	3.2163394437257202	-20.917741868513602	3.4417582937761626
-1.3564450766118057	2.978142131452036	-0.1427560927419016	0.4644080245997304	-0.27715341532256943	1.4178534111000547	0.8358035564516868	0.9649600636100037	-1.1178108588706763	1.0960948323472715	-4.849825697580647	0.2410263834175395	0.0	0.0	-57.914935350807696	18.87464186087055	92.21217779435483	17.624765990653387	-46.911582637096885	1.5289181300588428	96.11856459677418	18.52477783051255	-8.6983629786871	0.5524264365412809	-19.522527778225566	3.6225665624162624	-19.4646782569136	3.7896067389858348
2.2766884233878386	2.87884449020265	0.9076734072580521	0.4724372215254868	0.3212894596772884	1.247863904905567	-0.12250619354841596	0.9151821041781665	-0.548965983870815	1.1329722813592715	-4.916167947580647	0.23591452266115556	0.0	0.0	-44.61522622580614	19.407572404201083	71.21351916935497	17.84774961325558	-48.47283176209687	1.4505159664579468	74.47225584677406	18.47329658454665	-8.593291459887098	0.5416184094611756	-23.95652765322538	3.324843217745352	-24.37491448811221	3.5339324832942753
-0.11011170161134487	2.931237896955185	0.15384140725808138	0.4398907545056535	-0.46932554032251517	1.2616901098940345	0.9144349314516589	0.8382551102847097	-0.6273688588709945	1.274282535669267	-5.060587822580642	0.2422903569461623	0.0	0.0	-43.426503475805816	19.38577911503577	81.9669621693547	18.30237234675392	-45.95076501209686	1.6798937881567901	84.13519597177412	18.969609202110107	-8.582014774887096	0.5505940717731334	-12.609423903224894	3.3182459112314215	-13.962617053113092	3.570796371093107
0.9095464233879511	3.036467450366624	0.16320078225808743	0.48944915702757663	2.283048209677517	1.2918476545791893	0.7873244314515819	0.7834818230899887	-0.6782701088708549	1.1589700629564852	-4.893259572580645	0.2372669730514886	0.0	0.0	-65.07036935080606	18.05821385987611	95.86696166935513	17.21172852404927	-45.41718213709682	1.606740918321833	97.52975872177423	17.906047291873534	-8.905921821987102	0.5438279376406884	-16.04899965322619	3.159218028524201	-18.398864850213187	3.4026691319836524
-1.6864990766113124	2.8628921525440347	0.14817803225806614	0.5120462180279243	-0.7470706653225427	1.3339915295649047	-0.6268674435484112	0.7870235148352367	0.8949047661291694	1.1828536669530254	-5.052371322580648	0.23784741022384764	0.0	0.0	-47.31447322580675	18.73342127000206	78.0542259193548	17.38446412691606	-50.36231738709674	1.5938641858472369	77.43192459677417	18.07287619362565	-8.754947730087093	0.5444677156621256	-26.692290403225343	3.701882521367806	-31.017168133312495	3.932298582432686
-4.452092326612615	2.7697904145419447	1.1873014072579586	0.462532727999009	0.6201835846775978	1.4050975635265752	0.17562105645166248	0.7752457176349694	2.442579141129091	1.0224181758386748	-5.161785697580651	0.23721094454439234	0.0	0.0	-36.10171035080603	17.77067846655206	70.8025902943549	17.101373985069117	-51.60332426209689	1.4519496144345327	65.72176159677439	17.844595327488634	-8.991423539187094	0.545531628120853	-22.090637153225913	3.2610714726813943	-31.001103692413523	3.4409814266741057
4.100760548388337	2.6807028114283113	0.061564407258128284	0.4717213556074883	0.10443608467741683	1.1803115577367724	-0.9395874435483282	0.7522185050719171	0.7964141411291656	0.9398056586236831	-4.968227947580638	0.241404975886378	0.0	0.0	-39.25663847580665	17.86518445173799	57.54882966935484	17.389667947660516	-52.106017762096855	1.6903972677440426	52.55247847177391	17.981535467732012	-8.206692027387104	0.5479670597502668	-34.658466778225616	3.2776497830489637	-42.89328205561269	3.636832259274713
-1.1746417016112503	2.60987260932473	0.0708515322581107	0.4483001102233707	0.831500709677286	1.3121073689584368	0.17007955645160067	0.8229339330706401	-2.0485814838710397	1.1753962156033337	-5.093231072580643	0.23781018768510376	0.0	0.0	-28.20205335080564	19.025015732310557	56.156932294354874	17.915028707524975	-56.3039081370968	1.4579839643437214	50.47130609677402	18.663737203607226	-8.465666742987105	0.5434311422185261	-35.59305165322524	3.496787660205675	-44.651113521213325	3.5566236362558925
-1.1219335766123777	2.6288479386657655	0.6297802822581353	0.50265071025307	-0.16821079032253294	1.3234597538750146	0.7660005564515924	0.7843354805524174	0.23921264112904694	1.0845082779436035	-5.131158572580643	0.23610539641090875	0.0	0.0	-24.08642947580526	18.52859793288926	49.03411154435497	17.502924926390634	-54.485274887096836	1.52048929726672	42.007434346774055	18.229691161798236	-8.384110801287104	0.5421492195595043	-34.323902278225226	3.283168666864715	-44.603531704512896	3.5425623572996723
-0.3404804516111426	3.048863435108832	0.6120697822581853	0.5222870267616918	-0.478450915322739	1.329889946476099	-0.6711633185483485	0.9122894971583343	-0.2970776088706053	1.185686410182533	-5.117167947580645	0.23531564512981618	0.0	0.0	-118.9861312258069	18.818213801009577	142.83916566935486	17.470906103766875	-44.98737251209676	1.4347686064363785	161.79933509677397	18.22142734201678	-9.011457850587096	0.5399369470744361	-27.426608528225245	3.3851936455669023	-12.36072900381322	3.847491524406286
3.4513580483876183	2.465840755627447	0.3085359072580651	0.5205938821424133	1.114788209677485	1.2474689540300012	0.15805793145168323	0.8405555329576992	-0.15452173387042123	1.0040970337036599	-5.027541322580639	0.2360573479164876	0.0	0.0	-140.61735535080692	18.027103669923353	156.23189704435504	17.219541001837566	-43.97624338709692	1.5870001301369194	175.0323345967741	17.929760227531634	-9.209854692087088	0.5490976444626544	-28.511024653225547	3.386202826848951	-13.892900470313407	3.794283127977027
1.5084751733882058	2.9053248341347198	-0.009737092741929132	0.48748643619113746	0.20764920967753042	1.2285846301234336	-0.2522474435483666	0.7939052815804168	0.458648641129102	1.1314985298094178	-5.0504035725806515	0.24407481406440373	0.0	0.0	-133.5583587258061	19.32836033402099	151.46263779435495	18.191616622671607	-46.563515887096806	1.596937106450937	162.7222495967738	18.799291299322817	-9.1191478230871	0.558484208318087	-31.79685190322587	3.502901343165896	-24.605984351313026	4.064880911028832
-4.660672326611689	3.1391148770823243	-1.1018282177418364	0.45626834472937594	0.8924803346774475	1.443877161578629	-0.7045036935483964	0.7902755096926312	3.578034391129137	1.1475998347242815	-4.726777322580642	0.24124477688435494	0.0	0.0	2.9892372741937265	18.853967737638193	33.04288829435488	17.56828411900846	-53.365733262096796	1.6003704892221422	23.368138971773845	18.459796428992966	-7.691870020587094	0.5496238014437673	-24.056874528224625	3.314182526670257	-36.69671654881304	3.4843979686328916
1.4330577983879493	2.7321082457485457	-0.29516634274194153	0.48576817113643517	-0.9189586653224993	1.2798985735240407	-0.2234856935483176	0.7504823081612548	1.172982766129092	0.9658021387872848	-4.403593822580644	0.23955760065910164	0.0	0.0	-83.70321585080761	19.147369312225624	118.26602804435488	17.842821149646564	-39.265577137096784	1.6102186250528279	119.35602009677412	18.53671865395693	-8.8652956626871	0.5465018366131049	-7.937928903225647	3.3043638546493925	-11.309638690913207	3.470096640338192
4.708125173388268	3.041180285951511	0.480792907258099	0.45936818106187377	0.6185844596774039	1.5646105719454717	-0.8877210685484123	0.8538918808683441	1.0203528911293702	1.1514912582444006	-0.7413689475806384	0.3173591257419925	0.0	0.0	-230.93904960080692	20.04877013295911	201.03824266935487	19.539122513743067	20.87725936290313	1.8965855098008475	302.1857914717742	21.277617154302018	-1.9810318986871	0.6437144755324224	-3.8247821532252715	3.6511343076819833	96.08310369808709	5.410471616921427
-2.7395604516119363	2.7165254414996247	0.5053510322581172	0.4303657723879241	1.076745709677617	1.229416884222695	-0.7678253185484571	0.8794025050928888	-0.35106173387093875	0.9795405984627757	-1.5973503225806458	0.40507059802499684	0.0	0.0	-163.0978062258066	22.449687143861897	144.09981991935476	21.85491623357442	5.825636487903179	2.2034949581945753	225.65740522177384	23.764392241320984	-2.8465907031871067	0.7526284834852173	-17.04605090322599	3.6074940311669184	63.262294018586886	4.495715967083347
-2.6622235766122877	2.963289807489808	-1.2414975927418386	0.5762862239208845	3.8557605846773484	1.4537020134918353	0.02852480645161748	0.7802666703867043	3.704547891128904	1.2075483253483634	-1.7404990725806408	0.33925856837069107	0.0	0.0	-383.66737460080697	27.11674560475572	354.73856841935475	24.809029435800547	23.399028237903167	1.9799091018044142	451.28910884677435	26.7566772357825	-3.388714184787113	0.6599954791407391	-3.585164903225177	4.091094661334751	91.31716041198752	5.407355797600632
