ligname	pdbname	1-4_eel_avg	1-4_eel_se	1-4_vdw_avg	1-4_vdw_se	angle_avg	angle_se	bond_avg	bond_se	dihed_avg	dihed_se	ecavity_avg	ecavity_se	edisper_avg	edisper_se	eel_avg	eel_se	epb_avg	epb_se	vdwaals_avg	vdwaals_se	egb_avg	egb_se	esurf_avg	esurf_se	pb_tot_avg	pb_tot_se	gb_tot_avg	gb_tot_se
j1	j1	7.500001822791092e-07	7.191570627021292e-06	-1.7500000218717559e-06	7.861372572303971e-06	-1.250000053119038e-06	9.185399992457255e-06	-3.749999910951374e-07	1.0218884268989784e-05	1.2500000306658875e-06	7.816298110812302e-06	-5.2834068750000025	0.11357711469496622	0.0	0.0	-35.748341375000166	4.412098702719975	48.962536875000225	4.617059898604775	-38.972574250000086	2.1224806661396167	46.01631475000003	4.5740186346504705	-6.062382918	0.24274948517059988	-31.04178699999989	2.0956709583859756	-34.766985167999735	2.4606733092489286
j2	j2	1.3749999084211594e-06	9.96696097618183e-06	2.6645352591003757e-14	7.068579753685461e-06	2.000000021098458e-06	9.051111383740144e-06	-2.1249999925743167e-06	9.901664205974376e-06	2.4999989108209773e-07	8.346736781972192e-06	-4.73481175	0.03421517580744556	0.0	0.0	-5.676345875000671	1.214315016739943	27.195096999999983	2.109536997771824	-40.4603755	0.4801107497722696	22.397214624999997	1.5714342399397454	-5.607738830699999	0.04615966226075513	-23.676434625000123	1.0651832050718901	-29.347244080700133	0.6232446190121773
j3	j3	-1.4999994891695677e-06	8.479427674769307e-06	-2.3163693185779265e-14	9.260585005860782e-06	3.7500001184298524e-07	7.573664392039662e-06	1.1249999840856617e-06	8.09502768774706e-06	2.500000051952611e-07	8.19387236953713e-06	-3.7936373749999985	0.044058972370133405	0.0	0.0	-21.00370474999948	1.312234391062489	32.523232750000176	0.9335276686808465	-29.653668250000045	0.7270356724639526	28.491732250000005	1.0592135732412744	-4.976623762200001	0.054263855484960676	-21.927777374999962	0.9212110871281746	-27.142264262200104	0.6164498451807658
j4	j4	-3.7499985410249793e-07	6.858492363685317e-06	-1.8749999972555997e-06	8.289739645996023e-06	-1.2499994340942065e-07	7.693218460705347e-06	-1.4999999762466132e-06	8.987575067998187e-06	1.7500000021186678e-06	9.886824435154344e-06	-5.433867499999996	0.06191582680890102	0.0	0.0	-60.23364574999972	3.759326828844946	74.30964125000006	3.874970391331465	-43.772650625000004	1.153487817960526	70.65770112500002	3.687506562156962	-6.776956934099998	0.08839864423978272	-35.13052474999973	1.408446359640501	-40.125554309100224	1.087524300175745
j5	j5	-3.750005339497875e-07	7.964108732685958e-06	2.374999999616989e-06	8.764470430250162e-06	2.250000024446308e-06	8.07971502336103e-06	-8.749999952328835e-07	8.54127133842627e-06	-2.4999996639962773e-07	6.956709030921223e-06	-3.75372475	0.045964158465692684	0.0	0.0	-31.09849287499965	1.65266190045213	43.08378475000002	1.1299640187415017	-29.020540125000025	0.8263867396519714	39.10022100000001	1.5882958437076489	-5.2222836248999975	0.09390964916752666	-20.78896987500012	1.1103090120865817	-26.241092499899956	0.7718658235397619
j6	j6	-1.4999998435882845e-06	9.160328183516562e-06	3.3749999947474406e-06	9.131542545050935e-06	8.749999797430518e-07	6.5797390027138824e-06	1.8750000052136784e-06	8.977666531113941e-06	-4.999999411836598e-07	1.1134343964430865e-05	-3.8369282499999993	0.027312657051662408	0.0	0.0	-14.160048000000197	0.8869220354677445	31.88008649999999	0.9931142595396028	-35.34001537499998	0.7305660536812888	27.137624874999943	0.8795845180323442	-4.8156567803999994	0.05275216432846408	-21.45690099999984	0.6868358339861491	-27.178091155399997	0.8315101882275594
j7	j7	-1.0000000020227161e-06	8.129325909105516e-06	2.4999999567398843e-07	6.734377837547603e-06	2.2499999923297766e-06	8.132533386734507e-06	-3.999999976045387e-06	8.865296525828627e-06	-1.9999998806952136e-06	8.738761059170129e-06	-4.201017125000003	0.05166050181846112	0.0	0.0	-28.863081375000544	1.1906577424095643	44.39363850000006	1.0659765248006747	-29.661576874999977	0.526506193846281	38.280725250000074	1.0867282735504027	-5.1568689618	0.07402615622710901	-18.332041375000035	0.898404460579686	-25.400806461799892	0.7881018242647955
j8	j8	-2.3749998469213552e-06	8.341555289393155e-06	-4.250000024015321e-06	9.319427195406213e-06	1.6249999912076874e-06	5.01431382518728e-06	1.2499999989756817e-06	8.877264193552079e-06	3.750000695390554e-07	8.34783362752466e-06	-3.658288125000001	0.024422713426228176	0.0	0.0	-13.347444749999703	0.916064439775823	30.056682000000023	0.9454877665925601	-34.30917324999997	0.4628340763675863	24.526402000000022	1.0343392431326843	-4.671207172800001	0.05474151152196942	-21.258227499999894	0.5817410123193452	-27.801426547799984	0.6182141094557226
j9	j9	2.955857780762017e-14	1.0353515933593046e-05	2.499999979477252e-06	8.105340405949676e-06	1.1250000267182258e-06	8.344344645502619e-06	-2.750000000411035e-06	8.813386546712341e-06	-7.499999995275175e-07	7.296295634005103e-06	-3.751135874999997	0.02866419659125601	0.0	0.0	-21.17442900000091	1.6983012317344126	35.05760724999999	1.6264172434261375	-29.473649999999942	0.9856744288227631	31.314109500000026	1.737917984984609	-5.0730961176	0.11451007865388085	-19.341607499999753	0.9560215615479152	-24.407065492600108	0.9576498174020819
j10	j10	-8.750001114776751e-07	7.79266769014815e-06	-1.5000000092157962e-06	7.859026644607636e-06	-2.8749999857069496e-06	9.236184666838176e-06	2.500000117322543e-07	8.652113760817645e-06	-1.3749998990419954e-06	6.790255330719759e-06	-2.477062249999997	0.03412907616006323	0.0	0.0	-22.1830332499998	1.224124031901045	25.972350249999927	0.9268438745161878	-21.227063000000026	0.7636887754147088	23.30079587499996	1.179516965974151	-3.426762329999999	0.08245495626407798	-19.914814624999995	0.6997827021211079	-23.536069080000033	0.9900469360408055
j11	j11	2.250000204639946e-06	1.0450266743215137e-05	-1.2499999974124877e-06	1.043724888474331e-05	-1.2500005794890967e-07	8.466994877612996e-06	1.8749999828315822e-06	9.707879830490216e-06	1.000000015238811e-06	8.074527746832113e-06	-2.9483038749999997	0.02190634129578266	0.0	0.0	-18.665086250000265	0.8820431459281871	30.138524749999927	0.8504171873799701	-26.405741875000018	0.5257882915833846	25.874738499999992	0.8317426823088964	-4.547723760000003	0.05345081915970544	-17.880603500000095	0.7142838019880621	-23.74380963500039	0.6769080587228329
j12	j12	2.7499997827362675e-06	6.52050124115567e-06	1.7499999882275574e-06	9.1853812381399e-06	-1.2499999044734977e-07	7.931324760793921e-06	-1.2499998629067476e-07	1.0353456100521137e-05	7.500000350546543e-07	8.631191968084064e-06	-2.883865249999996	0.027182462818694023	0.0	0.0	-16.42480762500079	0.942966253206413	26.500918000000244	0.9389230863860046	-24.05976887499996	0.5050568828971553	22.558617875000028	0.8315502318051388	-4.155955395300002	0.06891530585356996	-16.86751874999992	0.7703386761058898	-22.081909020299946	0.6065829032412888
g1	g1	1.7500001217740645e-06	5.986170011160828e-06	-2.624999973903641e-06	7.159483270998139e-06	1.8749999941292117e-06	9.49371412719262e-06	-2.625000021367896e-06	9.869448266887924e-06	-7.49999895788278e-07	7.56877965377167e-06	-4.663069999999998	0.04136632316718677	0.0	0.0	-17.373211125000843	0.900857874412297	33.230962875000145	1.0576427453821002	-38.04244499999995	1.0686975827523162	31.336652999999984	0.869019762486226	-5.706116190899996	0.11723191371210595	-26.84776562500011	0.8783663910763135	-29.78512169090024	1.3078177349244833
g2	g2	-1.624999274554284e-06	9.802250025221513e-06	-1.0000000103360662e-06	9.134245304570398e-06	9.999999244314495e-07	7.745921724167038e-06	-8.749999769364081e-07	8.375839464770172e-06	-2.4999999730823676e-06	7.341928023423017e-06	-3.7325361249999998	0.03324454972844964	0.0	0.0	-15.934701250000371	1.0060307531920718	28.16508087499999	0.8491795647737698	-31.04339837499999	0.5330666879203744	26.559949124999903	0.6909947961163352	-4.867268516099998	0.03887896267692281	-22.54555987499997	0.6762988447439182	-25.28542401610014	0.7378489754433063
g3	g3	2.3750001719236026e-06	1.0747907559363123e-05	1.6249999525541626e-06	8.572522679103878e-06	2.625000013409817e-06	1.0028232029312315e-05	-9.99999990796141e-07	7.532002201056849e-06	2.5000000685793113e-06	9.304712861092783e-06	-4.45966875	0.0453143036825581	0.0	0.0	-16.224565375000367	0.6038827074627844	31.4230245	0.6987685785672222	-37.05521750000003	1.070650975694403	29.352014999999966	0.6267940458180026	-5.576233622400002	0.10342624924036721	-26.3164189999999	0.9839867279628343	-29.503993372400036	1.314503897565522
g4	g4	-5.000001829102985e-07	9.262664378125747e-06	-5.000000008692496e-06	8.154030021597498e-06	-2.9999999847518667e-06	9.62603855950222e-06	-1.2499995527548435e-07	9.495050451154967e-06	1.2499993374603945e-07	8.829615222478715e-06	-4.401435499999998	0.033196535452356506	0.0	0.0	-18.58305675000033	1.2075120685970377	34.07590500000002	1.1166012380952268	-36.52146550000002	0.697513290953977	32.71711012500011	0.8061619092820776	-5.5219421808	0.07073487822250757	-25.43006124999998	0.9096568326219355	-27.909362805800107	0.6513661127288681
g5	g5	9.999998815146683e-07	9.463836015589586e-06	-1.7500000200243448e-06	8.063434601442208e-06	-2.624999982714371e-06	1.0287096451505923e-05	2.3749999872535455e-06	9.449700361169103e-06	-1.7500001111159235e-06	9.232992460243152e-06	-4.619120500000003	0.05649074632737052	0.0	0.0	-18.187541750000147	1.0648960341764786	34.786382999999994	1.2329480651223799	-38.66462362499993	0.9337607095612603	33.07210662500011	1.0376464055537689	-5.687503546500002	0.09542260080704341	-26.6849056250001	0.7388673057119588	-29.46756504650027	1.1895475999258107
g6	g6	1.6825651982799172e-13	8.979200675508285e-06	6.250000197383088e-07	7.648056471983958e-06	3.749999218882749e-07	7.667716199064526e-06	-1.8750000046452441e-06	7.495761513073561e-06	-1.000000073929641e-06	9.047917411280019e-06	-4.916916375	0.058759444125573206	0.0	0.0	-14.856782124999876	0.7690607998544081	34.95399899999993	1.0360558420596755	-38.16205737499999	0.9823200515059488	32.1374750000001	0.7865289312798374	-5.866481388600002	0.11216416249105339	-22.98175874999971	0.8731603481086195	-26.747847763599957	1.1002060124947046
g7	g7	-1.8750001618172973e-06	7.081596884172051e-06	8.750000255020041e-07	7.785223095425601e-06	-1.749999978812866e-06	7.401992959986576e-06	4.624999970204158e-06	7.912627313654557e-06	6.250000433283275e-07	7.0177559747814715e-06	-4.421623125000003	0.050304195485238345	0.0	0.0	-26.613568749999946	2.1143076800517666	42.94769274999995	2.4745192329016135	-39.63763850000006	2.075334236170474	41.06633475000004	2.5655553394487067	-5.631524245799997	0.17992967598634108	-27.725135124999884	1.8000419212641783	-30.81639424579986	1.735361056484345
g8	g8	6.24999975116225e-07	7.700619396837608e-06	2.4999998004204827e-07	7.594160298207768e-06	3.249999981420615e-06	8.947075297404866e-06	1.3750000064050026e-06	8.970314105008253e-06	1.5000000151133008e-06	8.358582234045555e-06	-4.7964136250000005	0.04016787127579541	0.0	0.0	-16.40364912500106	0.8147569265471811	34.161964749999996	0.9835354507628757	-38.08284300000002	0.6961567919051321	31.528898374999986	0.8047385822926781	-5.839313330699997	0.0655168162987302	-25.120933999999714	0.5066169200570529	-28.796900080699928	0.7200798102423389
g9	g9	3.7499969494092513e-07	1.03396831181281e-05	-5.000000307120445e-07	8.46523967494367e-06	2.8749999850674614e-06	9.055064154294779e-06	-1.6249999849549113e-06	7.781294753244065e-06	-1.249999957764203e-06	8.579391016919983e-06	-4.955314375000001	0.04967878064414746	0.0	0.0	-15.50724787500019	1.003419429326184	33.28170700000015	1.0261159891095657	-39.099774750000016	0.6423634502336487	31.59285387500006	1.1294572499096684	-6.081950791799998	0.06990055629895826	-26.280630125000325	0.821673245030512	-29.096119666800206	0.8643022757953167
g10	g10	-2.4999996639962773e-07	9.63021587964726e-06	7.500000047855337e-07	8.264438896988061e-06	1.7500000299719432e-06	6.19117683708769e-06	5.000000152932671e-07	6.715601075867317e-06	1.3750000026391264e-06	8.14373752808989e-06	-5.220543625	0.10057696614248049	0.0	0.0	-23.005127499999958	4.696085274748674	38.188601624999954	4.7860750466791036	-40.274482749999976	1.259772831134284	34.78053199999994	4.580935970080992	-6.1736558859000015	0.15146963150986778	-30.31154812499988	1.2018730627337046	-34.67273001089999	1.257522927602766
g11	g11	4.12499989238313e-06	1.0960738030013915e-05	-3.2499999930735158e-06	1.0612595749587645e-05	1.374999991128334e-06	8.442052146279336e-06	2.5000000384522993e-07	7.392808007439666e-06	2.124999894448365e-06	1.0144459934137001e-05	-5.349618374999995	0.0650433183474087	0.0	0.0	-22.99257312500007	3.8554900609999447	37.37425875000001	3.580678431114004	-42.08340699999992	0.817775149884177	34.4881173749999	3.571632046723044	-6.418728996300001	0.07675468447689109	-33.05133512500008	0.7122270434492592	-37.006587121300115	0.7723312833268864
g12	g12	-1.2500004800131138e-07	8.062967169700475e-06	-2.499999976635081e-07	8.050054922887895e-06	-1.749999999560714e-06	8.638886086571585e-06	-1.1249999892015694e-06	9.444800378039252e-06	6.249999809426754e-07	9.681097912200206e-06	-5.545623999999998	0.07614237460068796	0.0	0.0	-24.12964187499988	3.549322646505281	38.869348124999924	3.5525283172833406	-43.13286750000006	1.0983810670471819	35.772126624999984	3.5536026327657004	-6.7589836623	0.10471461002772932	-33.938787874999925	0.9671445526626372	-38.249369037300156	1.1006917872433197
g13	g13	3.499999929772457e-06	8.348575848758658e-06	-1.3750000144341357e-06	8.10801305459357e-06	2.87499992452922e-06	6.722417188554863e-06	1.3749999953915904e-06	8.798910586297563e-06	-2.3750000953270955e-06	7.716712206260432e-06	-5.042281749999999	0.04486377894373725	0.0	0.0	-74.10367225000093	9.24468146262791	84.439068625	8.98199949621469	-36.95024124999999	1.0905846431199713	86.5476675	8.453016040898259	-6.455202168599997	0.14122217452381744	-31.657122625000166	1.6488400937807057	-30.961444168600018	2.081423834718289
g14	g14	1.249998865660018e-07	1.1816855146477623e-05	-6.250000170382464e-07	8.719749494778958e-06	1.6250000048501078e-06	8.535009232249595e-06	-3.750000016822241e-07	1.0655010157791013e-05	-1.7499999339065652e-06	7.3554012992659265e-06	-4.862152625	0.0408464046216621	0.0	0.0	-78.0632195000003	10.618243645351448	87.33273512500008	9.548064545001589	-36.43822837499992	1.5463209503682225	88.82675837500003	9.145944939154347	-6.284425920300002	0.2339479297557932	-32.030866375000144	2.4792977022644807	-31.95911642029992	3.200040066531609
g15	g15	-2.0000000813524823e-06	1.0677289269761684e-05	-2.499999982319423e-06	9.833605448550492e-06	-1.1249999791118626e-06	8.7040327927689e-06	-7.500000026539055e-07	9.226861286729006e-06	1.499999967364829e-06	1.012140981962479e-05	-4.844899999999998	0.04537258128157806	0.0	0.0	-79.55585237500014	13.608422568717035	88.15630275	12.386743277850705	-36.95484912499999	2.0339277818951915	89.19059575	11.66781236431815	-6.247135323899999	0.30071128621273996	-33.19930362499998	3.105181064529007	-33.56724594889988	4.172826232305621
g16	g16	9.999997655540939e-07	7.844429639510017e-06	-4.125000003796231e-06	1.0507775463568157e-05	-3.124999996089173e-06	9.39101423585654e-06	7.499999878746167e-07	8.897392611002187e-06	7.500000360494141e-07	8.873047057553354e-06	-5.048490874999997	0.0738917843361517	0.0	0.0	-18.683591750000488	3.9971497512498226	36.31909437500001	3.3622905727099326	-39.45985299999996	1.3155475088221928	32.28593987500001	3.5939491493222535	-5.9097043845	0.08286791239996108	-26.872846000000028	1.0522503083739774	-31.767214009499767	1.2694490487162529
m1	m1	-7.500005909832907e-07	8.61945916238746e-06	7.500000262439243e-07	7.77212585098009e-06	-7.500000045013167e-07	9.368741996595465e-06	2.0000000124653637e-06	8.458737525668407e-06	-1.6249998795814235e-06	7.183125784277126e-06	-2.918139125000002	0.025193807620973906	0.0	0.0	-13.224538875000684	0.9670522202596245	29.14094912499996	0.8809168728758738	-26.172958874999996	0.6043331489417221	22.587399500000128	0.9100326210338119	-4.006269153000002	0.04765764723408999	-13.174688125000047	0.711021788838711	-20.816367777999943	0.6593737832881789
m2	m2	1.000000561930392e-06	7.748100565065962e-06	-4.249999989980324e-06	1.1180577956333775e-05	3.750000747970716e-07	1.0625306242473906e-05	-9.999999733523168e-07	7.269588522034397e-06	-1.374999925403131e-06	8.577880894850208e-06	-1.7095199999999977	0.4157630207312707	0.0	0.0	-167.34689662499966	38.45585910800092	147.28901887499987	34.71660265593484	8.65953625000002	2.5555043289463475	166.260531625	40.931544952403094	-1.7117140797000012	0.44155583890734257	-13.107866750000005	4.285589695883194	5.861451920299873	7.3202406004908385
m3	m3	-1.6882495401659982e-13	9.68053760224264e-06	-3.249999990799779e-06	6.155108180584979e-06	-3.75000095402811e-07	7.566182433644492e-06	1.4999999805098695e-06	9.433834387371915e-06	1.2500004274329512e-07	7.371042507652449e-06	-2.7318560000000023	0.48986822721054424	0.0	0.0	-107.08608675000019	36.704665813779116	102.379194625	31.673428704194357	2.119591124999996	4.046334678418099	114.25840437499991	32.795695797886886	-2.699909298900002	0.5572604327604547	-5.319158999999917	4.456504600294329	6.5919974510999735	6.5367902687658175
m10	m10	1.125000049881919e-06	1.0489050584156791e-05	2.4999997364716366e-07	6.958561386724507e-06	-2.1250000207828635e-06	6.778391549795707e-06	-1.2500000033099923e-06	8.524249416808043e-06	2.6250001442917893e-06	1.070012112151006e-05	-2.4326665000000025	0.5542880702714222	0.0	0.0	-193.2512233749999	56.83569176505794	181.59851324999997	51.50919700400487	9.611978499999994	3.8764311855678204	220.82458499999987	53.09151441509484	-2.4916705425000027	0.5914368988522793	-4.473397499999932	8.05877532487452	34.693670207500006	11.779920378657364
