1-4_eel_avg	1-4_eel_se	1-4_vdw_avg	1-4_vdw_se	angle_avg	angle_se	bond_avg	bond_se	dihed_avg	dihed_se	ecavity_avg	ecavity_se	edisper_avg	edisper_se	eel_avg	eel_se	epb_avg	epb_se	vdwaals_avg	vdwaals_se	egb_avg	egb_se	esurf_avg	esurf_se	pb_tot_avg	pb_tot_se	gb_tot_avg	gb_tot_se
3.603718895163695	3.0976555191609787	0.25761916532256635	0.4582708248785238	-0.46657582258064423	1.3452155189247403	1.3706430080645546	0.8455865203960464	0.1321860443545404	1.1504595329287515	-4.461610282258062	0.1199561461042302	0.0	0.0	-31.65250512500017	12.460246067541409	32.94723018548382	11.561298824319593	-39.44340395564532	1.4158105749383274	31.185344959677735	11.734165569002906	-5.389203015464522	0.196333185389334	-37.712697887096525	2.515517582173287	-40.40217584610863	2.3936288863012782
-3.506917104837669	2.870305975266681	-0.3170109596774804	0.5236694140601381	0.9352208024192521	1.3514597480511685	0.5643921330644801	0.8074940692465155	-1.137273830645345	1.0860398181262212	-4.828994782258061	0.11804084242904439	0.0	0.0	-16.096125875001576	11.99079591463434	43.14450531048405	11.305133816295681	-43.50747170564543	1.212067720907628	38.35904308467768	11.375207020676738	-5.942965974764516	0.1960108937811185	-24.7496760120965	2.853256964299649	-30.649109430409396	2.6126563417580844
-0.05133022983625324	3.098283190396646	0.332795290322494	0.47370355624783195	0.21765017741917347	1.2500595181991472	-0.5370026169355402	0.773054339619301	1.0329850443547208	1.0659923143761258	-4.14517153225807	0.12652782557997191	0.0	0.0	-24.742086250000966	11.770900799175312	37.1323379354842	10.721248333783667	-32.776783830645265	1.4069796640437409	32.67043033467776	10.926536160895157	-5.40999594766452	0.2072496044712453	-23.536606012096627	2.4552925071524374	-29.26333802830908	2.176084021048203
-4.177829354837627	2.9048534288822885	0.18791979032263484	0.527510005550976	0.28170755241937684	1.3925079898461008	-0.014959116935550298	0.917324973690514	-0.7287893306452844	1.1902429868561655	-5.005936157258061	0.12867544900078723	0.0	0.0	-40.160835874999634	11.273848514465165	59.24534906048363	10.629845161339045	-44.41312358064531	1.4292793921572355	56.619130959677356	10.682397474368674	-6.455735707064521	0.21145036443892665	-34.786497012096106	2.6959322249449427	-38.86251466270966	2.4776785604908858
-0.728973104837678	2.43518818048731	0.04472554032258458	0.5145303948589872	0.8907994274191786	1.2293220854479308	-0.3395121169356319	0.8371167055022881	-0.3058875806454484	1.082564237283716	-4.089182407258064	0.11675532577667327	0.0	0.0	-31.120234500000876	13.170911819071126	45.056717060483855	11.901593353375292	-30.765102330645348	1.1885878943658224	43.578209209677475	12.221681425059158	-5.563226411564515	0.19511849269153236	-21.356650012097305	2.6340678508564164	-24.309201867209396	2.5335789721718465
-1.4140962298379147	2.8416610923073855	0.3714566653226097	0.45389930575477794	-2.587994447580769	1.305595441287735	0.8766911330644636	0.8203612520305799	0.2556449193546264	0.9873530151962343	-4.0401366572580635	0.13084943857121087	0.0	0.0	-22.76245925000202	12.099352839502604	43.81407543548421	11.265935043227165	-35.20126633064528	1.5252512444120243	38.47837508467744	11.572361894140304	-5.041911792164515	0.2156930361999901	-20.688084762096693	3.108743777180346	-27.025560247808656	2.896940619931643
-0.7696122298375485	2.679525202481601	-0.027743084677382512	0.5014889309486037	-0.7392269475805584	1.4240905533070713	-0.9802936169354908	0.8155387392828471	0.10972779435490665	1.0160815273506296	-4.121925282258063	0.1192931236889633	0.0	0.0	-43.23476062500086	12.807596596655875	57.15714106048391	11.313353386015965	-31.073186205645413	1.4090638706292673	51.009821084677526	11.51125680572845	-5.425024147664511	0.18903408907991295	-23.67987913709652	2.7130743448095385	-31.13029797830967	2.4138080422297383
3.3412788951622616	3.0411577465390964	-0.1388477096774423	0.48865690899247033	-0.4051234475807739	1.3868783411029475	-0.8224409919355669	0.8470020223129839	0.7693686693543498	1.0838416933331192	-4.134428907258065	0.11533906311929239	0.0	0.0	-34.24258100000137	12.231643655973745	47.680353435483575	10.666705354619062	-34.71648108064524	1.199789569311771	41.31330470967738	10.636960401478845	-5.4066851221645145	0.17838508784578827	-22.668902137096723	2.6897230840408186	-30.30820707780954	2.478780857546891
3.568449770163653	3.212151076282445	-0.049097584677452843	0.530966206828123	-0.35024694758067554	1.2732055898644785	0.6126461330644997	0.8637586097560426	0.4383614193545782	0.9616651543282531	-4.1423992822580615	0.11627344481414954	0.0	0.0	-30.151458250001767	12.1623657458524	40.964100685483956	11.209108483649503	-30.546030955645435	1.2765314893353263	37.18661595967739	11.22283990441724	-5.340883343864517	0.18708411310832737	-19.65567501209685	2.8408183458341	-24.631643799509106	2.524159665761988
-0.38012710483681644	2.866321561675728	0.4210186653225545	0.5828392326093906	-0.6006206975808919	1.2306632960386106	0.8669750080644638	0.8772952291145251	1.7435307943545109	1.0616633381975353	-3.2143396572580647	0.12640820581485648	0.0	0.0	-33.49140787500038	13.5814642807132	42.431909560484065	12.545554823244546	-22.111575205645405	1.424370706036568	35.83880758467751	12.591648169212434	-4.278725916764511	0.1992908592672974	-14.334636512096289	2.7402956406610093	-21.99212474740947	2.4371522387326356
3.703558770162772	2.904364702825666	0.17199466532253016	0.4972811087187661	0.46346417741921897	1.2870937505137323	1.4155213830644549	0.8377006343674427	0.6952681693544811	0.9999257262313732	-3.6724590322580593	0.13044704929907944	0.0	0.0	-38.97251887500266	13.016038053442216	47.69382918548365	12.225856070305381	-26.86083633064538	1.4348493263667448	44.2141994596776	12.39699825265529	-5.194000330664519	0.2146772114955139	-15.362177887096578	2.73129092965813	-20.363348911309274	2.432540953736476
-1.4078623548369933	3.0029270376114754	0.17572216532253115	0.49791103255262437	-1.0415623225806705	1.3685224668829912	0.5833031330644873	0.8720054697596723	-0.09310708064538709	1.1989698041538508	-3.5596261572580605	0.12935119454186733	0.0	0.0	-30.231037000000683	12.197249147727632	43.50076268548388	10.661408168267956	-24.75772558064515	1.2883135465024191	38.89679933467764	10.721460344027085	-4.963434414764517	0.19218288700594252	-16.831132512096715	2.9388814195766697	-22.83890412040995	2.7618675911245867
2.0491310201629744	2.7370222836366955	-0.18786633467741254	0.4985571295523491	-0.370371947580864	1.4420418065191785	0.8948653830644524	0.8802353836007833	-0.854197205645491	1.0748077637151032	-4.726601782258063	0.11513059489519649	0.0	0.0	-28.51075037500007	11.649055342386799	40.57898956048356	11.069960356380056	-39.407485580645165	1.2974014299277035	38.98177208467755	11.304247402647196	-5.8509437926645225	0.1852990502093434	-30.5342872620965	2.766165420495331	-33.25584674830951	2.5821388295762064
-4.521373729837478	2.8217664541588934	-0.0734402096774307	0.4929272392693503	0.3937220524191467	1.3306267867153578	-0.014670616935511305	0.9200451058217408	-2.436990955645687	1.0078910762928446	-4.02972590725806	0.12500620044913852	0.0	0.0	-14.21781925000036	13.3124884350029	32.88108156048392	11.735263119882488	-31.824167205645374	1.3782666310327576	30.58154108467766	12.043496172484925	-5.147007340964519	0.2115802438156084	-23.843384262096833	2.7247799314125234	-27.260206171609497	2.4710765936535584
0.8549053951622909	2.5714339575531144	-0.12490783467743682	0.48576916023248934	-0.48036069758083855	1.3156927901465225	-1.2308179919355808	0.9444205296954714	-0.8363278306452671	0.9792728097334021	-4.51398315725806	0.11714259145563419	0.0	0.0	-21.74089787499949	11.145602185407196	33.87322481048358	10.062980822855566	-37.948414705645476	1.1973324426201057	32.42506083467761	10.150466525487666	-5.68220581216452	0.18024858805190153	-32.14757988709587	2.68420145672744	-34.76396651780962	2.4796627638407065
-2.598537229837177	2.8478099184528562	0.25030866532254237	0.45701277992121025	-0.8616815725806717	1.5523048014286174	-0.19169524193547538	0.9694976877494161	0.08055441935451313	1.2603779772866868	-4.464071282258066	0.11729613749793935	0.0	0.0	-9.980931874999072	14.257730358716598	28.262205810483884	12.3143228432408	-37.06003083064554	1.1896552657062687	26.06164833467748	12.573317376128516	-5.494396821764521	0.19513027691334528	-26.563879137097075	3.0802578137573113	-29.794762152409817	2.7071746010500943
3.726718395162777	2.6080295589731946	0.6219894153225738	0.42051262880112694	1.196654052419298	1.3367236081650422	-0.31486949193557834	0.875021996042519	0.6807901693544309	1.0308768516255642	-4.6904312822580625	0.12297885150212123	0.0	0.0	-23.549821500000377	11.49918269056468	32.871591185483936	10.326380729190133	-38.49684070564527	1.3725550656025343	32.358398334677744	10.421037727618318	-5.806415081264514	0.19637259205598565	-27.954219762096415	2.932319249338279	-29.583396411909618	2.757283352280874
1.0429821451625685	2.5248591859118594	-0.029606209677357498	0.5319659478544023	0.016115927419374287	1.4835079224724146	-0.6833689919355379	0.8297503393647171	1.1206040443542875	1.1171079514163798	-4.534910157258063	0.11959894041098956	0.0	0.0	-4.256228250001016	12.404265105985713	22.56961206048403	11.276822350881613	-37.26444195564533	1.285646705231372	20.762133209677614	11.552011895205421	-5.314105260464518	0.19266592342624095	-22.019241387096145	2.56331542903374	-24.605915341109835	2.3488952614710024
0.125925020162299	2.5601281557081883	-0.05190820967738219	0.5053629144044891	-2.758236447580771	1.3088405720317535	-0.4228657419354498	0.8804610169931618	2.0431827943544967	0.976759547368094	-4.439838157258063	0.13075297187262436	0.0	0.0	-31.913841250001724	12.30047587517043	48.62792868548384	11.102070454147913	-37.97059533064536	1.7093308853518088	47.759746709677486	11.320315084094076	-5.731712321864512	0.23030092423660264	-26.760248637096566	3.127710043275967	-28.92030477750913	2.7487801308787447
1.5600806451624294	2.450392125787733	0.4630356653224794	0.5222639927083624	-1.0670264475807727	1.432939298200327	0.12480100806441818	0.8738101757425178	0.8329226693546481	1.0788742557478497	-4.757531032258061	0.11469679558229365	0.0	0.0	-27.068216749999635	12.446884091973974	39.263108185483695	11.12971134443741	-37.51440220564519	1.343322390967673	38.03676008467741	11.24755109991258	-5.876152512764516	0.18369469429352325	-28.16322826209617	2.8585427532191887	-30.508197843409476	2.598839709382925
-0.9876882298366638	2.7858954046936764	-0.09778333467744815	0.486650573067686	0.734946927419184	1.3030183600213574	-0.7494723669355281	0.9334044419658802	0.5208842943549321	0.9423434372974276	-4.852428782258066	0.12056717600876926	0.0	0.0	-26.899533500000842	12.224290780510138	42.357547060483626	11.19849565535472	-37.89460270564554	1.3504423973112076	39.88353783467728	11.399030735408012	-5.996642029664513	0.19862438075678523	-27.86813063709708	2.719521997222214	-31.486353110309572	2.540764515932137
-1.592771479837097	2.7650586786016156	-0.9254322096773571	0.5167862816382889	-0.23521007258087678	1.3325088074804687	-0.09956161693554755	0.8342280050304519	-0.29579245564561774	1.0918835549417565	-4.8431884072580615	0.11833654168791385	0.0	0.0	-12.904057375000207	11.003120834914428	26.407057935483728	9.799263121464369	-39.520710830645385	1.4731875644050363	24.76751720967748	9.919676282417628	-5.651956584464515	0.20138209811671542	-34.00966651209613	3.0385115981832214	-36.457975415109416	2.786686625127713
4.035843020162162	2.5719774177642387	-0.5179872096774361	0.44869277486819387	1.1436669274192042	1.4659285460156402	0.42332650806450367	0.9070776370151713	0.3577889193549382	0.8877252365563982	-4.877867782258065	0.12468373180612106	0.0	0.0	-19.97085312500147	12.398628085073055	28.583027435483736	11.344860153643642	-40.19356520564513	1.4312876623796396	25.66390120967737	11.442360125163203	-5.879983144064514	0.20683049926436292	-31.01662051209692	3.2301458188880736	-34.93786209970964	3.0214737114685604
0.718153895163482	3.213869433301706	-0.10443820967748607	0.5070568331933082	0.6858988024190964	1.339746330011214	-0.5190003669355221	0.873986544360976	-0.645496205645685	1.2462140196188165	-4.951424407258062	0.11613401750607577	0.0	0.0	-2.2533295000011435	12.05855253500188	15.49833868548383	10.454576415653689	-41.09246933064537	1.22444338740269	9.673595709677585	10.718426942832203	-5.791893073664526	0.18427263489429818	-32.66376663709676	3.0825435909401913	-39.328978279309496	2.7221270349229085
1.8684378951626854	2.4950353270389094	0.1387562903225863	0.444161629434441	-0.5633771975806106	1.340510728254219	-0.6023456169356116	0.7964539462649398	-1.0268385806452542	1.1526629724590718	-4.885928657258059	0.13017220837082236	0.0	0.0	-77.89354137500197	14.755880169780687	85.52123893548355	13.335022117089322	-34.35265483064529	1.5899491106861714	86.23903583467764	13.505719203694868	-6.017330072264522	0.21611088496163192	-31.796253137096073	2.9812157554052767	-32.20985765290979	2.7263711723700146
-2.432344854837055	2.420262197388508	-0.08711320967736214	0.49693000281423233	1.9826451774191725	1.4728774880330926	-0.1052608669354882	0.7627448453564525	-2.199763705645278	1.0675473581450363	-4.745834032258064	0.12599485276490036	0.0	0.0	-82.78220912500267	12.626099779595789	93.29226543548378	11.50871982871208	-35.080105955645266	1.4138773997173164	94.84574320967745	11.696074616007245	-5.9165562883645135	0.20036370699377898	-32.157721137096644	2.6932288783390312	-31.774965619009947	2.4500350480276256
0.28733739516235346	2.8131504766717046	-0.2876483346774563	0.49157403491807256	0.21418367741930666	1.2699772249365855	0.16547600806446638	0.7713844063342428	-0.5494055806456721	1.0467769854152644	-4.965920782258063	0.1254050101754348	0.0	0.0	-73.75726175000119	14.14122676275015	81.77772443548379	12.4831109943021	-37.781271205645254	1.431427437526248	82.58078670967745	12.39674693488267	-6.210405902264523	0.21052313987271543	-34.896786137096115	3.0068903789463457	-35.338208982909435	2.7556726648674683
-2.673971854837646	3.3049843785288546	0.01895179032269212	0.5088574140882723	0.7384408024194897	1.4428780535207322	0.656932258064483	0.8830757647718102	0.21433129435456877	1.0801091675229342	-4.617578157258061	0.12956971231491898	0.0	0.0	-18.95855387500177	12.777986500504733	36.04684706048393	11.898184900403233	-38.6399643306452	1.6197951984531533	33.312350459677376	12.119829556947735	-5.452325270564516	0.2221400225348611	-27.21456501209707	3.204075497012145	-30.783808726209486	2.9970833529385588
0.575829770161576	2.6445894850728378	-0.3855985846774548	0.5401823330774308	1.0999453024192647	1.3038516425946773	-0.21297949193552856	0.8515621005281778	0.0867851693546502	1.1091489568603947	-3.3583240322580674	0.11690311498899407	0.0	0.0	-21.073823875001942	13.431408395453124	42.23077593548379	11.655713878085836	-26.3015744556453	1.380675921857054	32.66566320967765	11.864307556397343	-4.598048761664504	0.19138190317248943	-7.338964262096578	2.976349276905697	-18.143801717309774	2.734529067175062
-2.491587229836327	2.620476631236978	0.20936254032254453	0.502296903337289	0.18589580241933135	1.4305122144044553	-0.21361849193554328	0.8784191962550655	-0.28584333064519996	0.9990480738590825	-1.3397456572580633	0.16297694197944426	0.0	0.0	-124.76090237500141	13.949323102341713	113.95768493548354	12.54890610478785	8.990897919354648	1.5440566192807637	132.7893479596773	12.951222550551096	-1.404524750864511	0.22426658499227958	-5.747855887096648	2.8387729355225684	13.019028043490437	3.3009329383423167
1.8451530201628827	2.642859659652443	-0.695690834677432	0.472218152073774	0.4065306774192834	1.2154119424890273	1.153367758064535	0.8848722259704919	0.9130801693545436	1.2011018689463748	-1.9144197822580646	0.18517355078299325	0.0	0.0	-94.7902792500008	14.019706649400808	86.63234318548385	13.407036363531773	3.2590581693546152	1.6057672230525195	100.6604048346774	13.492706360950184	-1.8501957400645166	0.26340653717123413	-3.1908568870965155	3.185397569529318	10.901428804289878	3.0428241291406195
0.43124552016161033	2.676614938341275	0.694058915322552	0.4541351346026856	0.4735615524192056	1.5058684319699855	-0.2835653669354663	0.8894199124859422	-0.500098080645536	1.1218123437505751	-1.6801802822580623	0.1798005025823647	0.0	0.0	-151.4685099999997	16.671113754046413	140.17169368548406	15.434564129408255	12.053455044354605	1.7659962150092832	180.61225508467737	15.6586219972421	-1.671217228364521	0.2588641227451903	-0.10833901209639407	3.577292211419051	40.341185440990216	3.913947975055681
