1-4_eel_avg	1-4_eel_se	1-4_vdw_avg	1-4_vdw_se	angle_avg	angle_se	bond_avg	bond_se	dihed_avg	dihed_se	ecavity_avg	ecavity_se	edisper_avg	edisper_se	eel_avg	eel_se	epb_avg	epb_se	vdwaals_avg	vdwaals_se	egb_avg	egb_se	esurf_avg	esurf_se	pb_tot_avg	pb_tot_se	gb_tot_avg	gb_tot_se
0.4096246451636887	3.094982508988196	0.6197372903225613	0.4548321015827304	1.230300177419359	1.3541753675321686	1.2305692580645538	0.8453270393022072	-2.530295830645457	1.1395635522512346	-4.465789782258063	0.12068984061830686	0.0	0.0	-29.614249375000174	12.495232951086884	33.633994060483815	11.546827899345615	-38.29221458064532	1.411208957037187	31.877340334677726	11.738193151669833	-5.384119037864522	0.19606061439474612	-37.77832413709652	2.5330265956183524	-40.45330711850863	2.4058325117041033
-14.566283479837637	3.0309796408413745	0.0009872903225200957	0.5267647088720585	2.346863052419252	1.352432976009881	0.48916600806447796	0.7983489920367639	-1.5765023306453436	1.076073373701983	-4.94583628225806	0.11816474741868875	0.0	0.0	-3.0426440000015873	12.014787280906491	42.484960685484054	11.278714138072903	-44.255656580645436	1.2101998186971556	37.499753084677685	11.35349785674195	-6.011736987164517	0.19475205474372936	-23.064945637096486	2.869763831085139	-29.1160539428094	2.6354355439532355
0.03546639516378036	3.112789272310974	0.5350710403224959	0.46916209386679075	0.2569508024191762	1.2500836686144106	-0.4083806169355402	0.7721807375917196	0.4719730443547192	1.0719480747492887	-4.1706492822580685	0.12646240019305596	0.0	0.0	-25.064633375000994	11.840127969611448	37.560729810484204	10.819700145078974	-32.686396330645266	1.4058588991089247	32.93620195967776	10.864971604421129	-5.41283482846452	0.20681935734465728	-23.469868512096696	2.4608253258497292	-29.336581909109043	2.1820828538281227
-4.565847104837644	2.9050751806796566	0.05428129032263129	0.5280655339839281	1.848463927419374	1.4009465279483029	-0.22916611693555033	0.9200707693722909	-3.1968525806452988	1.1897525484641167	-4.996233032258061	0.12990112511463942	0.0	0.0	-44.270513874999665	11.322327058435617	63.10814243548364	10.62116471872569	-43.380225455645316	1.4262083714584728	60.65506333467735	10.696707869641898	-6.467508733964521	0.21243513049706272	-35.627950512096106	2.711199565966908	-39.55230531460978	2.4662769508801854
0.005614270162311641	2.4173562784389087	-0.05592333467741639	0.511890706940149	1.381826302419178	1.2335889761331371	-0.38023624193563066	0.8402806714552457	-1.3618818306454479	1.0878872636896495	-4.074917532258064	0.11658356227793608	0.0	0.0	-31.196062375000878	13.065964043552668	45.323377935483855	11.909145387814126	-30.158889580645344	1.1893690920685567	43.666702209677474	12.271790623968885	-5.551762450964516	0.19450008500543553	-20.517092387097335	2.6379303375795087	-23.650613031609396	2.529472694762336
-1.2549083548379123	2.842817359635836	0.12889729032260888	0.45374258816111473	-1.076624447580766	1.3028423928548587	1.1643875080644648	0.8196596326755708	-0.8929850806453743	0.9907555385899738	-4.044003407258063	0.13135321386804416	0.0	0.0	-23.002124750002018	12.06739794422232	43.773089435484216	11.237270543752233	-34.78507420564528	1.517814824149596	38.48754783467744	11.534311322172721	-5.036729455364516	0.21763729855536265	-19.98934601209669	3.103960165629634	-26.267613661008653	2.8889658290293627
-0.5355239798376488	2.674071430506264	0.5201505403226143	0.5001897002792497	-0.2576636975805613	1.4227766471924963	-1.047293116935494	0.8117338277271825	-2.388034955645093	1.0159798784833738	-4.165948782258063	0.11932515989441227	0.0	0.0	-43.31391062500086	12.787401747074204	57.24811081048391	11.348914499876065	-30.289014080645416	1.4142881985135913	51.36610558467752	11.548062181494092	-5.425392818264513	0.189953720791084	-24.229127887096638	2.7536526683722715	-31.370577148909717	2.3965685077611787
3.1839058951622548	3.042886333451112	-0.14959445967744323	0.4908251809628198	0.15978080241922754	1.3730047572943882	-0.8087407419355674	0.8530796930172724	0.20393266935434795	1.0778996775893948	-4.137449782258065	0.1147098450666729	0.0	0.0	-34.12564587500137	12.203338016393403	47.71273331048357	10.699728724817739	-34.62113120564524	1.1973671982211431	41.366410459677375	10.648936068642941	-5.399293081964514	0.17860001626596422	-22.58220938709674	2.693232184251445	-30.190375537609555	2.483766745483283
2.865998895163642	3.241969221824595	-0.11112133467745267	0.534764976774025	0.337639802419325	1.2690755136335043	0.5635943830645003	0.8730377745030306	-0.8676289556454222	0.9602928638739722	-4.135888907258061	0.11591465047882855	0.0	0.0	-29.02903650000175	12.16933308749017	41.08501168548395	11.188045652391363	-30.049761455645434	1.2704219907612302	37.28554383467739	11.234887009172612	-5.341132974164518	0.18610425231805647	-19.341192387096896	2.8696325964598985	-24.345904304809125	2.524301885038013
-0.5850454798368219	2.8557698712532593	0.43666166532255524	0.5805612421032169	-0.48566732258089207	1.2241677034558203	0.9876781330644642	0.8745642349477911	1.9801442943545133	1.0553003734190827	-3.2250301572580646	0.12582101861505332	0.0	0.0	-33.269342875000376	13.625869494153742	42.33429493548407	12.666169504443822	-22.125089955645407	1.4294095235296636	35.78870820967751	12.633965301379645	-4.278677529164511	0.20075503777585216	-13.951396762096294	2.724877511857474	-21.550630859809473	2.4291114022511175
4.176040145162773	2.910355527576154	0.13570016532252893	0.4951904958053292	0.6011195524192168	1.2891132175749225	1.1942392580644547	0.8422208373504765	-0.13884495564552068	0.9933221079117296	-3.6824582822580596	0.13051014411903375	0.0	0.0	-38.86346187500267	13.020251348114856	47.58916231048365	12.276089688931219	-26.65953908064538	1.4490872306788665	44.1482403346776	12.355224692145207	-5.194586934464519	0.21437507027563213	-15.64804276209658	2.7206983045232613	-20.60109339010927	2.4387774461272205
-0.5700698548369871	3.018882178260622	0.15607016532253137	0.5029585300259558	-0.7367599475806728	1.3816461428041373	0.35140975806448527	0.8693131947590469	-1.3623763306453842	1.1903473237028432	-3.5735010322580605	0.13054181830160363	0.0	0.0	-30.449794750000677	12.248576643188022	43.718595310483884	10.646079127484528	-24.38517733064515	1.2842809638201604	39.16214370967764	10.778630411629514	-4.966623646664518	0.19235011892922158	-16.851604012096715	2.9215043944707153	-22.801178227309933	2.7510182049659084
1.366082020162935	2.748990631996277	0.1446395403225864	0.4973065027193111	-0.22104969758086668	1.4472824396823436	0.8266620080644493	0.8756970349856583	-0.8946603306454968	1.0999852835508865	-4.722243157258063	0.11504062988380878	0.0	0.0	-29.02668737500008	11.649787091995735	41.040480810483565	11.06718938167025	-39.080249580645166	1.2917131122847156	39.38243095967755	11.251619518860476	-5.833574884364522	0.18561606718511994	-30.567025762096478	2.7762201310761925	-33.33640734000949	2.5572745894016347
-4.816002729837464	2.825466299060434	0.2222710403225694	0.4924844692225717	0.37832217741914675	1.3377440783802965	0.2134713830644861	0.9207542705699422	-1.9525872056456848	1.041836254526586	-4.02283490725806	0.12637990044563344	0.0	0.0	-15.294350375000363	13.35115045123589	33.60311743548392	11.773814038205098	-31.605236830645374	1.3788524652962586	31.16662020967766	12.058344105887297	-5.13006423526452	0.21135828638471965	-23.27383001209685	2.7276719989016707	-26.817556565909484	2.489125165034747
0.3813233951623829	2.5768545440592643	0.15222904032255968	0.49039452520184196	-0.30821794758083954	1.3234406495795776	-0.8724719919355817	0.9509335307154023	-0.9295709556452643	0.9955338282810811	-4.506323032258059	0.11718811156609572	0.0	0.0	-22.469282499999508	11.124701370152566	34.394480810483586	10.05799653070983	-37.65661845564547	1.1888333756849703	32.839533334677604	10.065722071770153	-5.662610921264521	0.17992646527253156	-31.814451637095857	2.7102546163410692	-34.52568700190963	2.4805133830384594
-2.787428604837089	2.8694653150990477	0.5106900403225438	0.4588988886685972	-0.5792876975806713	1.5482322312426449	-0.02374749193547565	0.9718119926877546	-0.379839080645489	1.274919995365291	-4.4590245322580655	0.11759743494469153	0.0	0.0	-10.582006999999066	14.227516604731186	28.423016435483888	12.33576422634553	-36.73681608064554	1.1935454551187126	26.232308209677477	12.595761274159226	-5.478135059264522	0.19393159395620446	-26.614444012097096	3.0650437142568956	-29.824262764909804	2.742899838984537
3.306502395162738	2.623548243486606	0.8729321653225774	0.4203544818949253	1.3494533024192918	1.333600571138952	-0.08581986693558008	0.8757381886116133	0.7361051693544276	1.050756415178908	-4.680385157258063	0.12293254198725721	0.0	0.0	-24.349402500000366	11.551276500536723	33.387070310483935	10.350503230399912	-38.254439455645276	1.3698847894979298	32.76042445967774	10.454800565032347	-5.788413300164513	0.19672448551862595	-27.717983637096424	2.92779196273532	-29.45265763080961	2.7598817856034046
1.0767920201626566	2.54499571672555	0.22316491532264138	0.5354171214900775	0.18312930241937408	1.4834162217234292	-0.3803554919355392	0.8310094478293272	0.7171317943542874	1.136147614678723	-4.523100782258062	0.12004631308092109	0.0	0.0	-5.492388625001013	12.505631376874344	23.238703435484034	11.23781486944974	-36.004680330645336	1.2772542342591038	21.32125008467761	11.5329152096633	-5.282181454964518	0.1931531242752536	-20.961603762096132	2.5679965709593287	-23.63813778560987	2.349883582319559
1.4073562701622677	2.5586209630620695	-0.12115958467737897	0.5069716119974709	-1.669268697580776	1.2984356724657342	-0.26139699193545063	0.8819254047282916	-0.11653783064549472	0.9947433649104446	-4.491068657258063	0.13125945598405803	0.0	0.0	-33.411848375001796	12.285581038475438	49.05219818548384	11.121168256817658	-36.44833795564536	1.7015631716960993	48.26117945967749	11.38927699927603	-5.807927706764513	0.2297426229207144	-26.060063637096533	3.123446501253522	-28.167941412409135	2.7470466992017344
0.8820132701624743	2.449079805364169	0.7470239153224831	0.5242606889593542	-1.4074571975807757	1.4281435474714812	0.12748725806441819	0.870051902923	2.0414886693546492	1.1116845281782364	-4.754136657258061	0.11493611951900383	0.0	0.0	-27.88327237499965	12.499545937340764	39.95673118548369	11.125986847189255	-37.47455095564519	1.34269356148702	38.608987584677415	11.205141630142146	-5.853974034164516	0.18473511360424036	-27.76467288709614	2.867536240979783	-30.21225386480947	2.616492876883955
-4.1598593548366125	2.8125812118698383	0.5300327903225472	0.48354513244368413	0.2967700524191841	1.3009211205094267	-0.7132488669355297	0.9318765875324584	2.7560445443549284	0.9702264332250902	-4.836674532258066	0.1208342226516786	0.0	0.0	-26.120945500000847	12.119356799989403	43.313086810483625	11.292192656367124	-38.14081070564554	1.3402465421548662	40.63880545967728	11.383368347225186	-5.947975280264513	0.19990051445340776	-27.075604762097086	2.715864520459517	-30.861186860909577	2.5399823194034097
-1.323317104837031	2.755018974840026	-0.5108013346773603	0.5166352710052429	0.11887742741912533	1.3361354320347785	-0.018354741935551644	0.8323244095578466	-1.057479205645624	1.1008763087627493	-4.83011328225806	0.1185592518840142	0.0	0.0	-14.351377375000197	11.070290990889685	27.052415810483723	9.826049609799377	-39.12522508064538	1.451301575312776	25.368745459677463	9.905142135370234	-5.631181607264516	0.20107942278572338	-34.045374887096145	3.0414187802682937	-36.53011356290945	2.8090634366703084
6.707606270162188	2.5939007324568704	0.21484241532256476	0.44991385820153507	1.247832177419209	1.4620163616894624	0.6443405080645022	0.9134042736833504	0.6642749193549378	0.9390225363653724	-4.862071782258064	0.1242898919597693	0.0	0.0	-23.860137125001458	12.423545007220874	29.251811560483738	11.400034245324594	-39.989607580645135	1.4298353993742037	26.313918334677375	11.464978013409192	-5.855982117764515	0.20698317640121716	-29.98110863709693	3.2302141722278597	-33.91291219840964	3.0375166617876186
1.2404858951635163	3.2270355064936185	0.41039979032251495	0.5048238122818237	1.331033302419101	1.3451518596514997	-0.12030511693552448	0.8686686394999555	-0.2745204556456784	1.2540160143528103	-4.940273407258061	0.1163642152243689	0.0	0.0	-3.847967250001119	12.065034845338094	15.955673185483818	10.454796066947079	-40.81409533064537	1.2190140629013635	10.163731459677592	10.749453520073969	-5.778079835864525	0.1845831962822454	-31.059569387096765	3.092083146572279	-37.68931754150949	2.719814972316015
2.88863102016262	2.502285917734799	0.6544047903225838	0.4462771542010693	0.2297359274193873	1.3481294597792215	-0.43515649193561146	0.7956118610762617	0.8795760443547458	1.1778933197363315	-4.89517078225806	0.1300377090237445	0.0	0.0	-80.00316350000199	14.766444032462754	85.82272906048357	13.33479988085809	-34.150809705645294	1.6027335957213384	86.54972295967764	13.575217138403776	-6.024225997364521	0.2171861928992963	-29.009223637096085	2.980952888013577	-29.41128495300981	2.72106192507514
0.1096545201629624	2.4369148974334527	0.5292580403226346	0.499344012649288	2.061066427419174	1.4712308598904518	0.1886141330645117	0.7564355766114434	-1.8620228306452837	1.0805815203161278	-4.739520532258064	0.12569492212439282	0.0	0.0	-85.33859987500266	12.68422483460934	92.71434856048378	11.475061649306026	-34.72692895564526	1.4122590894316718	94.36051933467746	11.694533614365229	-5.902133760464512	0.20064768189174018	-31.064130512096625	2.706316463844473	-30.58057296610994	2.468639316655186
-0.17727447983753564	2.8207100332976056	0.12810679032254413	0.4944606244707736	-0.2788086975806898	1.2786228071843921	0.2125201330644657	0.767186277369417	0.42272354435432646	1.0566641691642633	-4.961040657258064	0.12504799864430716	0.0	0.0	-74.77818850000116	14.1215615245281	82.52030856048378	12.470923657650449	-37.71178133064525	1.4328724831124122	83.13603995967746	12.424187388418382	-6.190699979264523	0.2094803396663893	-34.62343463709615	2.9855674504319984	-35.23736255990943	2.7536523134975686
-6.1904718548377105	3.3009235126768455	-1.0559167096773088	0.5105278296719524	2.366170927419489	1.4376397742243658	0.9730628830644861	0.8782095647817363	3.4942241693545704	1.0746378788026645	-4.63086528225806	0.12894452005240628	0.0	0.0	-11.431994125001722	12.898389045659846	35.058342935483935	11.896183342851257	-37.4531428306452	1.6202077799703245	32.05803870967737	12.055534599310661	-5.456811446564515	0.22199771372401167	-18.870589887097054	3.1992801218861326	-22.696840277209475	2.9847177368530016
0.7147885201615765	2.6479620755088455	-0.26977208467745406	0.5405816619216655	1.1278653024192735	1.3019151028230518	-0.25646224193552847	0.8547800156483998	-0.21803745564535149	1.110258523516826	-3.3744016572580673	0.11646086717510488	0.0	0.0	-21.307120875001942	13.374987516065403	42.137232310483796	11.638295855151414	-26.1698334556453	1.383554611070272	32.75823770967766	11.85355048841608	-4.5973099804645035	0.19187504688302767	-7.615741637096576	2.964382218444953	-18.21764456110977	2.73129320510996
-2.1217583548363166	2.6099686179428927	0.14479341532254608	0.5034471679588137	0.15928367741933158	1.4345560624389058	-0.10698224193554395	0.8790789428273008	-0.37354445564520056	0.9921714652171922	-1.3422734072580638	0.1631348731178087	0.0	0.0	-124.8105595000014	13.892568092087377	113.67524356048355	12.68968584687351	9.052195919354649	1.5478548860045214	132.66570445967727	12.943207790026387	-1.405423484564511	0.22273940250294927	-5.723601387096608	2.8444247414168253	13.203709434790426	3.323084886192485
1.916770895162884	2.6289328252990187	-0.6807097096774335	0.46859154339684994	0.5108605524192882	1.1740215064489212	1.0155153830645354	0.8920661809089522	0.9106896693545465	1.1908173933671211	-1.9103014072580642	0.18558873847316879	0.0	0.0	-95.66224325000076	13.87940515187502	86.41432843548387	13.375926900677953	3.514552044354615	1.599120289286864	101.00146420967744	13.477362872996682	-1.8507009298645163	0.26353907447386465	-3.970537387096499	3.153790479853065	10.67619886448989	3.0396206655877016
0.7303963951616019	2.729042675995383	1.3168800403225518	0.5394487697915682	1.9601421774192005	1.582334704105722	-0.22062299193546409	0.9031289829972997	1.014570419354456	1.3669483822833222	-1.7045462822580624	0.18098396574857933	0.0	0.0	-172.4173731249998	23.785051593208166	155.65005681048405	20.611150058936104	12.710803044354607	2.025069706508814	197.85846670967737	21.45216673661822	-1.69578289936452	0.2563604000528857	-0.9596935120962371	4.0091465289925265	41.257479769990255	4.044899610387227
