1-4_eel_avg	1-4_eel_se	1-4_vdw_avg	1-4_vdw_se	angle_avg	angle_se	bond_avg	bond_se	dihed_avg	dihed_se	ecavity_avg	ecavity_se	edisper_avg	edisper_se	eel_avg	eel_se	epb_avg	epb_se	vdwaals_avg	vdwaals_se	egb_avg	egb_se	esurf_avg	esurf_se	pb_tot_avg	pb_tot_se	gb_tot_avg	gb_tot_se
1.6812963306445	2.982344147209896	-0.10595505645170888	0.5602467157986782	-1.9739482056451436	1.3298855844382382	-0.2274064879031492	0.8354030997075909	0.6274467701613844	1.0996568901272716	-4.362359713709674	0.17432195251286176	0.0	0.0	-25.596647524193717	12.979712929524586	30.897269806451547	11.78812398730715	-39.22843695564528	1.3733527050982126	28.059810379032072	11.760360551485155	-5.687315682590327	0.2439988004301855	-38.288741036291086	2.329235735465147	-42.45115643259069	2.2791249096198465
-0.25968129435432274	2.8770611370836074	-0.17257655645169123	0.446902096568572	-0.2799315806451901	1.450914818871608	1.4199448870968698	0.8521447445746516	-0.5613428548384682	1.1606009568544227	-5.076212338709677	0.17697953285094792	0.0	0.0	-14.431941524192126	14.512274540235037	40.88349205645122	13.054350972709129	-45.57947958064527	1.257162739763476	33.94285837903206	12.988128202990847	-6.762606798890326	0.2484160062919496	-24.057728786289942	2.5568246908982477	-32.68475692389012	2.7037577567197917
5.958248580646114	2.7486946937631536	0.10822244354832122	0.4693203030419802	-1.0926048306450689	1.161431426426844	0.6106688870967929	0.847607745049842	0.932869020161192	0.9538777827401929	-4.260600088709678	0.18364908460737497	0.0	0.0	-34.90160427419207	15.202547962713009	45.50374055645126	13.927917836367012	-32.0639143306452	1.2797271389138092	43.37748450403232	13.954431920358273	-5.911964890490321	0.26518305174411666	-19.204974036290878	2.418746906188756	-22.98259489049002	2.389375036883983
-2.4386644193548364	2.703864009902237	0.5560501935483728	0.4965800835444644	0.7902641693547423	1.366585332420046	-0.523495362903212	0.9041195026491978	-0.6259479798382941	1.0491094923166733	-5.221906588709673	0.1786432017475004	0.0	0.0	-36.283850899192544	13.973125038952954	58.107796556451156	12.980584795361116	-46.13991683064522	1.2721057778157328	55.9590356290324	13.040725632664886	-7.17340249019033	0.2621402719588358	-31.779671161290082	2.64222144179954	-35.87992799019048	2.5158363820372984
0.9972642056458199	3.3937615653813764	0.06638006854826273	0.544512011258659	-0.1927053306452322	1.4246119000690656	-0.317467737903133	0.9460355607664036	0.43116752016154614	1.1694974707193162	-4.525352213709674	0.17542887641477453	0.0	0.0	-50.70396077419204	15.213155889942858	70.55857093145171	13.013948219090732	-32.568438830644965	1.3246791923867505	67.86910512903248	13.17057095001989	-6.775513928390323	0.24988839383343942	-16.254542161290317	2.5619329996895037	-21.194169678389898	2.411157783160567
-3.5621074193528734	2.7501482037651916	0.17710894354834572	0.4816080640619343	-0.194332705644932	1.328078132919369	0.6086970120968402	0.8154588719856334	-1.6119476048387256	1.07963589732244	-4.430037713709677	0.1735142895998734	0.0	0.0	-40.5812886491926	12.744895472183229	66.34156993145155	11.654914152853465	-34.18358895564506	1.2618073187201273	61.72442200403207	11.525106816942733	-6.267750635090321	0.25523471830043865	-17.435927161289968	2.6185746858973613	-23.89078801008958	2.4799653117422253
0.4866150806457199	2.473292967464288	0.3718115685483916	0.4828750448967931	0.7528471693549541	1.2921421497664687	-0.15212073790319636	0.8740250297177252	0.9200130201614769	1.1118114622283632	-4.301086588709673	0.18614211748001563	0.0	0.0	-44.54319839919387	13.28310412925758	64.6889120564514	12.214814922358478	-31.377612330645068	1.3705248304594417	58.48594950403202	12.215713767636101	-6.025035849590321	0.2710934177193971	-13.153819161290755	2.9906199867126415	-21.080730974590153	2.93325028142374
1.087421705647106	2.847477010817427	0.18314881854831278	0.463554912793952	-0.18790445564507152	1.3403813264189373	0.09050063709679534	0.9177761326785409	0.6077867701614146	0.9593624560180523	-4.486584338709674	0.17774710367525112	0.0	0.0	-61.00267414919405	15.044029750583622	80.62619755645156	13.489803956000912	-34.80843208064536	1.4252926124738245	73.94187662903217	13.461256598131811	-6.662797034690312	0.26336341502457933	-17.890539536290675	2.623490254262331	-26.751073159690407	2.5155184482102713
-0.15373454435339795	2.8838896943800845	-0.0732841814516405	0.47780967818188125	1.5632207943547662	1.344569644807931	-0.33097348790310566	0.8753327793253834	-0.05622810483880514	1.1054039022694258	-4.660574713709671	0.1808563627521924	0.0	0.0	-47.50799352419291	14.387119110669996	67.95771030645133	13.17620860576507	-32.655584580645	1.2944479697778053	64.06144775403229	13.012955102486075	-6.647547868490313	0.27323320495372977	-15.917442036291362	3.0649413303052975	-21.800677743489445	2.863651648034215
0.1705949556452424	2.748049723199729	-0.06806730645169434	0.4884693624187757	-0.3044007056451701	1.306351294613659	0.04603238709681268	0.7441609497979311	0.7162760201612901	1.0484760125077106	-3.7332948387096767	0.17528456975057255	0.0	0.0	-61.74346564919443	13.303138559403784	77.09211580645143	12.104462969596652	-22.95110158064511	1.4342579799191606	68.1766926290326	12.25795805066589	-5.701094990390329	0.25721657615440335	-10.775310911290966	3.107926590587971	-21.658534240389947	3.058247505849261
-2.0468872943539793	2.6906309395535173	0.4574789435482778	0.4552468779129591	-0.018123955645013012	1.4206368799809592	-0.10096336290312902	0.7410491985548107	-0.33104722983842905	1.0460383341361943	-4.10179746370968	0.1730925678799562	0.0	0.0	-47.40373227419312	13.831803461819524	68.93392018145138	12.470983315491429	-27.624020705645147	1.236150601424019	63.45369750403209	12.474367324360806	-6.5721667610903305	0.24385604390009905	-12.235173161290518	2.511954394740879	-20.18576513609038	2.393734542977088
-1.479049169355136	2.6348176191739414	-0.2812789314517241	0.43162153592574093	-0.5059480806451155	1.2555652992889863	1.0019963870969049	0.8226626068628561	-0.6169846048385015	1.137072313474475	-3.976029463709673	0.17797536029725572	0.0	0.0	-40.975876024192885	13.228600122321224	63.38096755645152	12.729531142022765	-26.972319330645178	1.3781605096311609	55.658166879032336	12.741078762458416	-6.247038959390318	0.2621568256962264	-10.424521661290228	2.7561404268018435	-20.4183318343903	2.5281561923661013
0.7621510806456513	2.593767577761639	-0.07542443145175781	0.5346053736107974	-0.5295327056452201	1.2629531970281243	0.17102801209673757	0.9873234008168131	-0.624177229838434	1.1077165322050184	-4.810977088709679	0.17480056636516708	0.0	0.0	-30.639121524193854	13.766077115850104	45.61480918145135	12.705785131957374	-40.435732705645165	1.1794366241184469	44.422771254032085	12.691308665045254	-6.420294079490324	0.24827179755238968	-30.56697741129028	2.508601491408924	-33.368332329489306	2.434654085825835
2.1710839556463384	2.650845267801472	-0.3045610564517123	0.4326460373687666	-0.41016420564505296	1.3173867129951427	0.16126276209682455	0.7813545527236181	0.13942102016154578	1.0662265129938142	-4.409584338709675	0.1733437163308548	0.0	0.0	-50.36751977419229	13.332812899716876	62.428530556451214	12.032473599970256	-31.790121830644928	1.28661440523162	61.17763287903247	12.194913288704885	-6.270540434390316	0.2526477909755306	-22.38165291129036	2.572201836332175	-25.493506684390297	2.4402801242013807
2.446313205645481	2.431334392668	-0.6447191814517019	0.460736927600761	-0.5754970806449897	1.2846326392507854	-0.0028607379031964086	0.7923555838320478	0.13165389516124293	1.0712780487562963	-4.680440088709672	0.1784242387104539	0.0	0.0	-25.97853639919242	12.745875167591048	39.06970955645157	11.560726424021828	-37.808045330644894	1.2795136085679781	37.692869254032104	11.584419682280979	-6.325346072090331	0.26048509956475335	-28.04242216129073	2.4206417003560996	-31.064168447090367	2.324962276886596
-1.2551964193539789	2.9681021183103007	-0.4531784314515974	0.4663235805777674	-0.550888205645002	1.419082649807916	0.6817846370968432	0.9627611728044233	-0.8551211048389256	1.0766735841264266	-4.813577713709672	0.17696469601790474	0.0	0.0	-39.13622652419343	14.241768207146709	59.41081768145133	12.928722702047862	-38.97925645564514	1.2680090895102116	58.65493575403228	12.973790761701295	-6.585183096590323	0.262196866058011	-25.95084253629085	3.0233129946080317	-28.4783298465901	2.9365317931860306
2.4543307056453614	2.8493409173781887	0.7068869435483052	0.47156865435609	0.030062544354972687	1.2395068786939176	-0.4167466129032249	0.9180596905151343	-0.06179660483851279	1.1261471118235795	-4.959321088709675	0.17376284629816086	0.0	0.0	-26.51868239919554	14.90578043818448	42.096673556451194	12.896884634404117	-40.793180080645044	1.1945984586196072	41.83101550403194	12.939663912503516	-6.674263319090328	0.24722253235904507	-27.461773036290992	2.571596538686069	-29.442373319090024	2.432381511302795
-0.18453766935419935	2.947489916128886	-0.02866605645163034	0.44155973051641384	-0.4158660806449035	1.254029386086253	0.5081248870967894	0.8479767211255809	-0.033126729838706126	1.285630541693479	-4.857557713709676	0.1801711570695523	0.0	0.0	-17.873456399194197	14.904033918839644	43.17056068145122	13.553031460030216	-39.231500580645296	1.3393108160656375	43.097628754032336	13.729625373118125	-6.3925446314903205	0.26386668097503335	-18.946025661291287	2.555808628643068	-20.553944506490126	2.4791984548134254
-0.22335129435384715	3.059273612598324	0.10045981854836938	0.48373556871048423	0.9937834193549762	1.2917730844570785	0.6700507620967855	0.7821709352164182	1.5188288951614588	1.1351598837708021	-4.767932963709673	0.1756199245068323	0.0	0.0	-36.530315649194335	13.613526481848444	57.18546230645143	12.457379711563338	-40.05727595564526	1.3259262286531959	55.604127254032484	12.355736552643862	-6.698666945990322	0.24892278194954312	-21.11029066129001	2.45997262733686	-24.622359695990298	2.4061763914084633
-1.160406419355354	2.8641084873196916	-0.06940593145178298	0.5103234488711437	-0.567206205645153	1.3273873312633027	-0.7431567379031865	0.7853059891397791	0.017806020161152958	1.1716715854194888	-5.07282683870968	0.17746947943804595	0.0	0.0	-31.71182152419479	14.207009995305883	50.51645168145117	12.32673988082891	-41.01572495564531	1.392215288668481	48.12820775403222	12.326230905400571	-6.8477727710903284	0.24959980942255272	-29.8062909112908	3.150676398334287	-33.96948077108978	2.92393248511914
-2.0025700443544565	2.770380378056889	0.2795254435483585	0.4622273335532961	0.37986979435479995	1.4037979745015103	0.029606762096836547	0.7740289164533996	0.7773371451615922	1.0026653006893256	-5.150878338709671	0.1748033263292371	0.0	0.0	-21.80939464919305	12.763096858457024	43.47269030645148	12.161406952785613	-41.416039955644855	1.1956788948329837	40.50483587903248	12.015329875062639	-6.897016083890322	0.2514363272568713	-25.439853536290705	2.533744532009615	-30.15384570888982	2.4049562538858176
4.09399920564573	2.675240331241811	-0.18173493145165764	0.47417867429355615	0.004448294354883586	1.1806826078372077	-0.9980514879032132	0.7535766265923141	1.2487710201611613	0.9320688404632484	-5.019175713709676	0.1824291868225738	0.0	0.0	-23.904520774193912	13.069227813987306	33.51884168145135	12.466890089659948	-41.76479320564518	1.4183278444479614	33.15249762903218	12.384655986849538	-6.306387374990314	0.2727718334531246	-33.00221591129076	2.462720743895182	-34.655771624990564	2.5166936941539384
-3.510772919354139	2.6132720764362007	-0.7100245564515717	0.4513657165095696	0.45911804435507264	1.3160615233727055	0.02346313709682768	0.8207459225906624	-1.7077346048382935	1.1401536640125653	-5.075803338709677	0.17591374771890836	0.0	0.0	-17.557618899193088	14.282828969896524	34.5078120564511	12.867934133686726	-43.32024195564523	1.1698023670360527	34.66484650403266	12.924734390044899	-6.53570137379032	0.2502725164815893	-36.891803036290995	2.761490933032657	-38.19466662378959	2.502724589581312
-1.8566435443546538	2.641924212582701	-0.027123056451710426	0.501277829149349	-0.5273773306449314	1.3301184687333536	0.865910512096848	0.7823952357323484	-0.4616271048386906	1.047347681770288	-5.145978838709672	0.174487350218515	0.0	0.0	-13.333747649193384	13.756380196307896	27.1164690564515	12.618609427956951	-42.007710205645154	1.1571203067731732	25.573588879032222	12.606211964620407	-6.5230605587903225	0.2508052686762709	-35.37782816129116	2.555602477349024	-38.297790058790376	2.557674482361559
-1.3365705443540605	3.0200073402279153	0.19159731854829687	0.523794941870724	-0.7892790806449739	1.3326354247200438	-0.7250719879031884	0.9190665765672493	-1.1928271048385284	1.1840024882219566	-5.093855963709672	0.17312927590374222	0.0	0.0	-93.31119202419231	14.156069491083496	103.75869218145147	12.590487234533178	-36.10872645564509	1.223877836109475	111.04711662903226	12.541721765328626	-6.699427119290326	0.2389936673375453	-34.60723366128991	2.608690858674523	-28.92438049429026	2.5663046299816266
0.535734330644857	2.474543229068028	-0.3475766814516774	0.5189355334005651	0.7310825443547664	1.2437937331575948	0.23393451209681437	0.838935501144001	-0.8865726048386051	0.9928006782448525	-5.029391588709675	0.1746171425218538	0.0	0.0	-111.71411902419396	12.92212186078705	116.47018943145135	11.787636583402898	-34.84044170564505	1.340702273702031	124.47056625403185	11.875890588574636	-6.882553107290319	0.2567092751525443	-34.84716078629111	2.6341943755661323	-28.699945482289934	2.607496462772442
1.982589455644927	2.897202393441025	-0.30671468145165903	0.4871426557281575	0.6710129193547267	1.2166616390093963	-0.17973886290322483	0.7979279343535314	-0.2559518548382762	1.1118463687245286	-5.1585619637096745	0.1847200863046968	0.0	0.0	-108.87544102419349	15.039628901299054	114.02107230645125	13.73682108523597	-36.82957070564515	1.354336525017721	119.82531025403239	13.74738231379277	-7.06289211479033	0.2758140741021452	-34.931304411290085	2.6655046581132678	-31.03139661479034	2.648489697358348
-1.1970569193549636	3.136306557695631	-0.13282180645170172	0.456791017865425	-0.6822639556449772	1.4362064795231808	-0.9435073629032225	0.7970869260367394	0.5073783951616306	1.146475066813397	-4.7419230887096715	0.17808550266660747	0.0	0.0	-5.689310899192378	13.492757406397173	21.824345806451504	12.227166390646628	-41.48432283064495	1.3087248683215935	19.43206900403218	12.23379045043761	-6.075559133390326	0.25559551849362927	-32.539482661291345	2.5414264489273686	-36.265395508389815	2.392700134586176
1.253686955644767	2.7265989666021935	-0.2747618064516981	0.4862596717908609	-1.071874955644926	1.281712760855668	-0.3015391129031908	0.756506811407121	1.6785391451613343	0.96785139653581	-4.152688963709673	0.1788834508704	0.0	0.0	-54.70368264919175	13.906710893096268	74.06157105645126	12.394018041813176	-30.261812330645064	1.44292190957049	66.21352150403212	12.371512442207075	-6.344477866190321	0.254190631294849	-13.772562661290646	2.477851712139318	-23.812401116190195	2.3975030409927784
4.585627830644171	3.0337600192029694	0.46176244354837337	0.459972278916115	0.4723962943551321	1.5631217614913973	-0.8505772379032539	0.8517029635172065	1.1203793951614571	1.1511901443111634	-1.3638352137096756	0.21171120001110924	0.0	0.0	-172.21685827419319	15.402719439148596	149.6480206814513	14.129552350851075	15.573673794354976	1.4591516045287076	186.13779562903215	14.738319930767052	-1.7083081964903353	0.30905348917235187	-2.569410286290804	2.9195015968391074	33.57589167850972	3.484582373227772
-2.6078850443538926	2.7207759089530517	0.44773406854824316	0.4299496264504067	0.8041287943548099	1.2492821181092393	-0.7522849879031668	0.8782053358748378	-0.26283785483853706	0.9880871978780114	-2.1346224637096736	0.2519129858338364	0.0	0.0	-144.31099727419365	18.069414968213856	126.5567903064514	16.06869140340486	11.7717390443547	1.9755338155211823	158.87346112903225	16.848449189629285	-2.3568203450903233	0.3558150081232701	-10.488235411290304	2.8279085990561628	21.606237529910402	2.7622467745426116
-3.71054616935438	2.950189993516307	0.043751193548303036	0.5367884262675939	1.2436727943550068	1.4233909851598316	0.2155593870968051	0.7715281857483771	-0.6029392298380785	0.9646159444847576	-2.181449963709675	0.22417123091632088	0.0	0.0	-253.5710736491941	17.625761200601005	229.23564468145145	16.643782144544687	22.42646654435491	1.5662071785539298	280.7836845040319	16.7364218092215	-2.6562340352903204	0.2981209059407921	-6.900914411290728	2.909176377357031	44.17234133971044	3.4597998875389564
