1-4_eel_avg	1-4_eel_se	1-4_vdw_avg	1-4_vdw_se	angle_avg	angle_se	bond_avg	bond_se	dihed_avg	dihed_se	ecavity_avg	ecavity_se	edisper_avg	edisper_se	eel_avg	eel_se	epb_avg	epb_se	vdwaals_avg	vdwaals_se	egb_avg	egb_se	esurf_avg	esurf_se	pb_tot_avg	pb_tot_se	gb_tot_avg	gb_tot_se
-1.0518191814503268	2.990085423109598	0.21375175403221647	0.5507592123482564	-0.29216865725801	1.3300830631413276	0.05896596370966023	0.8259523013909197	-2.042376205645489	1.090795773275417	-4.380473060483867	0.23098292401852638	0.0	0.0	-18.952613556452327	16.472091833814257	34.4699192741935	15.149826366134484	-48.61387320564518	1.4793137746987368	24.647286903225336	15.638360918282434	-6.847189313545164	0.3975644203021619	-40.59068687500087	2.7805022670424284	-52.880035499029006	2.8624021151953474
-11.823994431450672	3.052768033110649	0.29026087903224607	0.44680673212765	0.9149512177421286	1.4538832255944778	1.3608283387096005	0.8456870656846041	-1.094778580645258	1.1754420600793032	-5.280806185483877	0.23165437906971137	0.0	0.0	-14.400116681452715	17.65082885605524	60.18139164919354	16.20778164251237	-51.397137455645144	1.333224468858094	49.07981765322546	16.480990252661304	-8.11233582674517	0.39601740877858943	-21.24940125000046	2.950508718766334	-35.18250488722876	3.1515274751849063
5.7318564435496455	2.7668503780881357	0.3515787701612503	0.4742853034426581	-1.255885641128856	1.1637809870322775	0.7349802056451793	0.8440601033878401	0.12797108870967833	0.9420821361824059	-4.405026318548392	0.2367605455080991	0.0	0.0	-55.34350908871028	18.278299872467173	72.66801581451632	16.733404118498875	-36.17410764516126	1.3229169858175673	70.71780468951582	17.131756206317288	-7.4899529223387145	0.41311066012436604	-17.564126370967756	2.8267950162766655	-22.599264099757704	2.9138125117828015
-2.2779716814502535	2.717949876803672	0.3020875040321691	0.4965443321869126	2.26304059274198	1.3607876987957361	-0.7913431612903175	0.8981998162148851	-3.4421645806455317	1.0446165327478671	-5.226878060483872	0.23268840262044202	0.0	0.0	-38.480552306452864	17.236281349712986	70.68447152419368	16.049062580465712	-54.53397545564516	1.3800040399885012	63.674183778225625	16.52814305086699	-8.52421410734516	0.4083825980816143	-31.503285625000785	2.9578638520254974	-41.81090941782878	2.943803206224052
1.2306946935488554	3.3819786102046265	0.024793004032263255	0.543890883111623	0.5534709677421468	1.4160738235386168	-0.3867050362903335	0.9408161964825397	-0.5873558306452082	1.1646629906035804	-4.703449685483877	0.2326864307515207	0.0	0.0	-80.86064455645096	18.3257932941966	105.79967439919399	15.999467691975154	-32.156886330645236	1.4079986711263406	108.83130915322533	16.691310590691977	-8.52227995334517	0.4017822953743612	-11.086408375000701	2.907086683967334	-11.873603888828853	2.8545699434800484
-3.2183315564511688	2.763073849192596	0.00041950403216794996	0.4812698163251353	0.7774383427420339	1.3305041541643456	0.6130328387096693	0.8163999322362941	-2.6433008306454226	1.0823530300752549	-4.629231685483876	0.2305478388270051	0.0	0.0	-62.09465405645082	16.128995905773994	93.30742539919349	14.926330294926457	-35.43255683064522	1.3566484844908084	91.68204690322524	15.180099572713441	-7.677274830445162	0.4021392459127276	-13.319758875000772	2.9897350344466953	-17.993180515928728	2.921767069141957
0.1196518185494142	2.4684515937400175	0.9640897540321838	0.48539209210383316	1.4226715927422404	1.2952170855191896	0.11064308870959572	0.8729322764971819	-1.228390955645203	1.1157307529299392	-4.573780310483872	0.24094593535332534	0.0	0.0	-62.3002966814513	16.63925703632208	90.72634389919348	15.2374439611665	-38.13376208064529	1.4612114020234437	85.34673377822565	15.717934169855573	-7.930240048045162	0.4126258077664455	-12.89282987500036	3.430609829344047	-21.628899733529124	3.392232720013589
0.8608775685507801	2.8364000133965757	0.21418275403228648	0.4635746938942268	0.39910434274208484	1.34250652776057	0.25117696370968723	0.9223357364980732	0.057611169354636615	0.9537549802571619	-4.645272435483873	0.23414068433905677	0.0	0.0	-87.12688680645287	17.852862606194947	110.1741555241937	16.30282328513523	-35.28140883064527	1.5292382781984335	108.6682924032259	16.75892227734548	-8.093056951945172	0.4106026813063728	-15.096459750000633	2.9175458177558027	-20.050107387428525	2.942037582897646
-0.8575040564502103	2.904061529324949	-0.060573245967836975	0.4773311758711961	2.238006217741763	1.34307912301874	-0.19970416129036384	0.8713305403289908	-1.4403862056452041	1.1065657272999307	-4.81894068548387	0.23687466586475336	0.0	0.0	-74.9525433064515	17.62321164709405	100.39491777419342	16.217503871991745	-32.18186508064519	1.3929685851780296	99.93933690322514	16.630905198084378	-8.166754489645172	0.4135041822188048	-11.878592750000479	3.3639031890235205	-15.681987425129023	3.353785942763392
0.05610619354855828	2.762458929457382	-0.11898387096781704	0.48973097789370457	-0.20371540725798276	1.3152122956095051	0.13117983870964878	0.7408609735073703	0.7310955443548082	1.0452360125612277	-3.958270560483875	0.23170768545320333	0.0	0.0	-83.03090005645208	16.62907210200991	105.59306102419379	15.200375264645029	-25.729534330645187	1.5171226983374493	99.38325865322531	15.805287473996172	-7.28848271354517	0.4027305860182878	-6.52996162500088	3.344894899877194	-16.06997614902926	3.351125030264084
-1.5376628064508395	2.6899839342189673	0.3901787540322186	0.4575716177885166	0.2733193427419671	1.4230591434802786	-0.0659160362903295	0.7397070340372055	-1.3732834556451898	1.0494926666418842	-4.290297560483873	0.23100098731127736	0.0	0.0	-76.00892155645252	17.23516633204587	100.54607552419367	15.765925538743303	-28.410507080645292	1.3132271306966339	100.71378690322555	16.273379887330623	-8.179417810045177	0.40038215815749817	-10.47701487500072	2.8265083153511883	-14.198423745529183	2.885574851129176
-1.1027955564508147	2.63869668409136	-0.27929412096774087	0.43219471037748863	-0.08228815725783889	1.2529191990058008	1.0588889637095926	0.8223380701266926	-1.7083265806450534	1.1367976286757415	-4.175573060483877	0.23326526910879705	0.0	0.0	-65.49379080645272	16.520937429865082	93.0418541491932	15.567315929459864	-27.498963330645214	1.515040998479213	89.92379752822569	15.97412123479871	-7.936783107445152	0.4055696974558083	-6.24028850000056	3.0411567507820423	-13.11955516792905	2.981579481879047
0.6903994435489267	2.597446008332013	0.2877755040320942	0.532820576220291	-0.4409167822579043	1.2624799286339041	0.33790221370959195	0.9872158514491067	-1.3820077056452647	1.1173609377812928	-4.9029101854838775	0.23242048513994845	0.0	0.0	-40.0726296814515	17.43123324362247	64.31784614919317	16.05805000101266	-46.03072108064533	1.338345495557186	62.27793602822561	16.4802109756164	-7.818876055945178	0.4024094987002241	-27.195262125000724	2.8538863630410667	-32.151138116429394	2.938139567217293
1.9558023185500133	2.645896537932207	-0.021293620967744786	0.43924167981018686	-0.2985809072580814	1.3184844106681304	0.38975983870966413	0.7878547554324055	0.31665179435491453	1.1020601371642875	-4.587437560483874	0.22919156886800623	0.0	0.0	-81.85163705645084	16.752337371469356	98.62471477419345	15.30248260680876	-32.92524345564519	1.4275873759453734	100.84696877822554	15.882528836589097	-7.983783143245169	0.40375286586910825	-18.39726387500042	2.9661556598499446	-19.571355453729097	2.946858595496578
1.8756705685498787	2.443999992735504	-0.19538862096784726	0.4599507750027379	-0.476135407257928	1.279092215357783	0.24516996370971356	0.793321198091924	-0.19133858064529363	1.0924045426053766	-4.848039810483869	0.2334106271871779	0.0	0.0	-43.388228806451906	16.3824671386907	65.85130289919354	14.943056649881973	-42.626344330645196	1.3889646521464873	64.80576340322557	15.428120973843043	-7.911983878345172	0.407460891347346	-23.753332125000128	2.785575051056589	-27.862815688829485	2.8747223160408444
-1.3569071814501399	2.9700334237898267	-0.1440389959678008	0.4657259597733853	-0.2849246572579851	1.4142352579477455	0.8371740887096522	0.9601559888270891	-1.1161850806452875	1.1022499442212903	-4.989903310483866	0.23468614974078705	0.0	0.0	-56.33373618145231	17.366483889717195	86.36817327419362	15.948419110126064	-43.99723408064516	1.357706540117264	85.14621552822544	16.419438750073493	-8.271570874645164	0.4114848349084722	-21.017582125000416	3.2197635624966736	-25.521207435129043	3.3670731394788724
2.2813643185490378	2.88355040413777	0.9111452540322276	0.47165646509958764	0.30008421774191163	1.2400469594546386	-0.11210153629030906	0.9203601770910452	-0.548496205645236	1.1368367209861394	-5.026788685483872	0.2302866129473892	0.0	0.0	-37.486147056454314	18.023703370298474	61.97441652419353	16.095235839205813	-46.868779080645204	1.2812315437722883	60.651412653225435	16.561479886409114	-8.141366125045167	0.39966468766069574	-24.575302250000362	2.894678383868197	-29.012883560528792	2.9342069341194965
-0.11184393145128979	2.953618083916246	0.1567095040322748	0.4419248289899355	-0.44806978225788896	1.2544482362616227	0.8945728387096423	0.8479334243714405	-0.6279164556451349	1.2893736320967115	-5.000439810483874	0.2346670640001221	0.0	0.0	-30.324645806452622	17.72081899437169	64.52912439919373	16.343082407316935	-44.141661830645226	1.4841160813403977	64.45963402822542	16.942635122887697	-7.854737966245157	0.40803717963880787	-15.074170875000988	2.861203050002772	-17.997959401728906	2.984424336915937
0.9107485685491383	3.015094543711829	0.16555025403218337	0.4868876989343524	2.268078592742185	1.2886189058605795	0.7414843387096131	0.7809744316501788	-0.674154330645159	1.158427405885382	-5.048903560483877	0.2320887399588544	0.0	0.0	-63.61197118145202	16.741118410389962	90.7336646491936	15.671309190409001	-41.21718883064525	1.4294162683997442	89.17616577822515	16.10349471975377	-8.425632040345166	0.40466763725893873	-15.732691500000499	2.7871331702651188	-20.666918850829035	2.8995751328626858
-1.683128556450015	2.87067589500946	0.15029862903227098	0.5106137829793165	-0.7500234072579026	1.338663382077047	-0.5932071612903709	0.7863765648462616	0.8925931693549352	1.187881669188075	-5.1253843104838746	0.23239543047302502	0.0	0.0	-41.91123355645209	17.179638109246365	68.93486039919385	15.373641904788084	-48.050150830645094	1.4659739201688564	66.7015865282257	15.817567482128108	-8.315251208245162	0.4022926025662907	-28.13537562500096	3.4103158624197127	-33.55851639372922	3.4603371168314987
-4.4452835564515	2.7838395433559286	1.189345754032157	0.46185286214849514	0.6384009677420366	1.4005057911460146	0.196857963709677	0.7822399901997291	2.447898294354946	1.0165605559370874	-5.197332810483868	0.23082793878790683	0.0	0.0	-28.425970556451293	16.263935802037878	60.37559927419341	15.282783910681678	-48.226871955645294	1.331876924496668	56.517755028225665	15.671863393371728	-8.333344949545156	0.4026498935818	-21.447356625000253	2.842996735593607	-28.441213010028292	2.9104076936619627
4.095412943549547	2.67852682613146	0.0670588790321851	0.47398508290336605	0.08487684274220442	1.1844924858364707	-0.9336082862903599	0.7487066793025153	0.8009821693549419	0.9399477063382055	-4.864392685483879	0.23568634940171135	0.0	0.0	-21.06719093145341	16.344627235916985	36.70673152419372	15.456855572642034	-49.896969580645106	1.51172355710066	33.520652403225384	15.85893488538579	-7.2514251739451705	0.40895234649760687	-35.007099125000664	2.8684882422877696	-40.5802107344296	2.990454170784034
-1.1801481814501642	2.6188528009558283	0.07097125403229398	0.4500692567808198	0.8157459677421883	1.311874095463331	0.17902096370973553	0.8281666262158728	-2.051506080645204	1.1669592270301408	-4.962561310483878	0.23318128166599722	0.0	0.0	-13.455337806451922	17.599889574313554	36.36425827419362	15.966166425706275	-52.97642508064523	1.26538625012039	33.46084952822549	16.42904835616178	-7.523717735845162	0.40000895338519177	-37.195982000000576	3.1366565469355683	-42.660547171329405	3.009983833964621
-1.1303170564502807	2.638601166200056	0.6266181290322344	0.5053644058233471	-0.18568740725801547	1.3314295832792817	0.7556990887096386	0.785880274387692	0.23110791935450337	1.0783952114242448	-4.972441435483877	0.23045574349683517	0.0	0.0	-9.31264993145166	16.99489995951686	28.603372774193474	15.7202546118238	-50.84376920564526	1.2621109584167023	25.044052903225285	16.124361984412968	-7.400143163845169	0.3983541210246977	-36.228067125000756	2.969311031633941	-42.21508872432914	3.10361480023618
-0.3427338064519745	3.03658030719012	0.6082595040322865	0.5241553898414376	-0.46709715725789636	1.3342356749094377	-0.6702004112903062	0.9130743425507862	-0.29480908064521927	1.1865786126177729	-5.299503810483875	0.22954558442021306	0.0	0.0	-111.08215068145154	17.297997683264377	131.91563452419368	15.599021173237167	-42.99098320564523	1.2726361867656062	142.95594427822556	16.04669297326418	-8.486023402045166	0.3952672819871794	-28.62358412500049	2.9657626487880666	-20.769793962529263	3.1529473408783644
3.4483641935498497	2.4791957950530077	0.3090926290321683	0.5225369837487837	1.0971240927419643	1.2449474897366049	0.1747543387096222	0.8376632010156122	-0.15496245564498778	1.0043563466103473	-5.241848310483874	0.23099369774518796	0.0	0.0	-133.92966118145154	16.43004147641673	146.64095827419374	15.217424909027207	-41.843010705645035	1.4141283699367353	157.67100365322568	15.704797256782175	-8.75545351574517	0.4104598298073186	-29.499189125000328	3.046383179638744	-21.982748951228814	3.1408370509619616
1.5055711935490308	2.893191169766532	-0.01331137096774171	0.4893857559791286	0.21334521774196347	1.2205502494615723	-0.26434841129026765	0.79575064073042	0.46139379435486205	1.128781380870439	-5.287450810483878	0.2399776750426046	0.0	0.0	-127.01246455645378	18.081837264159585	142.84282864919365	16.751358563042057	-43.876506330645334	1.4207574970269579	149.07881852822544	17.03502206847014	-8.751189680245158	0.41800064628629263	-31.430942625000426	2.993760737909511	-28.65869161572843	3.246674881695754
-4.659180056450509	3.1569235949547862	-1.0991316209677215	0.4538761962862523	0.8955838427421163	1.4362269382033848	-0.6940866612902497	0.7899070090551469	3.5871381693545175	1.1575771228202127	-4.555665685483871	0.23452533701829406	0.0	0.0	14.141252068547544	17.026622030601736	15.814074774193543	15.451305669257088	-49.8523190806452	1.4114174650498912	10.867750403225358	16.10464513158076	-6.817016665045164	0.40741099482498044	-26.42233425000063	2.8961526937097486	-33.630009600529235	2.895512355351763
1.4335289435490495	2.724356630423998	-0.29425737096784665	0.4847175674282781	-0.9113369072580113	1.281162074436581	-0.2471602862903719	0.7539823121224024	1.1733059193548279	0.9682285752580435	-4.354595310483878	0.2346135161775388	0.0	0.0	-78.7965483064521	17.340951374883367	103.63365352419346	15.797147657006217	-32.1931045806449	1.5737222301580076	98.9465830282257	16.345251372099405	-7.918212653245161	0.40638826608803547	-10.556514375000269	2.857678402679999	-18.80720221372977	2.8809841811843833
4.706581693550376	3.051566254597108	0.4801195040321957	0.4599878580325875	0.6412775927420533	1.568268520694515	-0.8659667862902687	0.8535489389187342	1.0133079193547943	1.1532064284228234	-1.1163538104838784	0.27715701507561863	0.0	0.0	-222.58051643145302	18.017433994453953	192.2138061491936	16.9552189620113	18.702875794354764	1.609947026644744	266.14912115322534	17.837545449684868	-2.191732008445172	0.46656539336143255	-6.8048683750010355	3.254276816632597	66.05506843107054	4.3580942278947825
-2.7403826814503134	2.708075995673886	0.5046000040321967	0.43049253926048703	1.0617337177418094	1.2356369000481302	-0.7710057862903703	0.8853426298893338	-0.3531910806450931	0.9754551114761011	-1.8655583104838773	0.34120405881413285	0.0	0.0	-174.33892130645222	20.370899370879833	148.71129289919347	18.79064207141225	10.562721044354756	2.152028570548778	206.50390140322543	19.859773797655375	-2.8743820399451634	0.5459461675241305	-19.22871150000043	3.1439473251905077	37.55507327457087	3.361333241159205
-2.6620130564511975	2.9614981199352926	-1.2443442459677403	0.577982075247465	3.855390467742275	1.4594907530138137	0.02192921370970069	0.7763365219510175	3.703501169354503	1.2075003168664167	-2.0329026854838697	0.3011947802573213	0.0	0.0	-368.3382948064533	25.968433771086268	335.4997712741935	22.88226114417064	27.079928169354844	1.8950989590775438	402.6100109032255	24.079929558095408	-3.313803177145169	0.47417127583648344	-4.117034500000955	3.7127862489766876	61.71230463737129	4.366404123501343
