1-4_eel_avg	1-4_eel_se	1-4_vdw_avg	1-4_vdw_se	angle_avg	angle_se	bond_avg	bond_se	dihed_avg	dihed_se	ecavity_avg	ecavity_se	edisper_avg	edisper_se	eel_avg	eel_se	epb_avg	epb_se	vdwaals_avg	vdwaals_se	egb_avg	egb_se	esurf_avg	esurf_se	pb_tot_avg	pb_tot_se	gb_tot_avg	gb_tot_se
3.5998732661297197	3.1079026079022674	0.2584861169354298	0.45961041873265035	-0.47145739112902163	1.3454002565396124	1.3806423548387468	0.8457923534022646	0.1341977137096393	1.145373727210601	-4.321417524193548	0.09378890556946912	0.0	0.0	-23.852103399192796	12.27552013861887	27.99657047983895	11.407176033915546	-39.8880745403227	1.3933993685173482	26.086826250000456	11.52232162712791	-5.137790418725815	0.17552209583233344	-35.16328292338655	2.452333550828164	-37.889400047757704	2.343698752301335
-3.512932983869348	2.862640262017305	-0.3169950080645325	0.5247701271575924	0.9130133588708915	1.3485806699756868	0.550935104838775	0.8051925191945345	-1.1444869112905245	1.0831577153257608	-4.521930899193551	0.09075053450416436	0.0	0.0	-9.849727149192262	11.677009894954026	33.46488322983883	11.044497482901676	-43.33139316532269	1.2056484176025792	30.194343625000208	11.222010507284608	-5.389783187225802	0.17272694667048122	-27.748634423386562	2.8271645837364145	-31.887026316258016	2.560087333688836
-0.05478110886986087	3.1286398765686307	0.3343726169355783	0.47008846054715153	0.22749723387121534	1.2525067856972691	-0.5559968951612131	0.7800442390967034	1.031902713709961	1.0672893149206841	-3.871403149193554	0.10205523297378218	0.0	0.0	-16.606757774192857	11.563791531415042	28.733779979838747	10.544235549781568	-32.74419579032264	1.402117775661904	24.48539325000018	10.734233906462677	-4.885561727825817	0.18970171297917574	-23.505582173386927	2.439107692253283	-28.768127481858244	2.1558922754811682
-4.182093858870871	2.8907092727858252	0.18765836693549787	0.5350029152960087	0.2671078588712845	1.3945978801840127	-0.0017968951612239437	0.9192587741692383	-0.7295744112902796	1.1916961156530803	-4.765539649193546	0.10628772361510894	0.0	0.0	-34.535981399192224	11.026311014645755	52.38817535483879	10.365577454412147	-44.46131754032255	1.3972044008379432	50.10491375000005	10.435131834387098	-5.9892093322258	0.19465123226447043	-35.83336217338683	2.6471062865305974	-39.34029346125811	2.439028137324904
-0.7217169838704649	2.4260288821974476	0.04974624193542887	0.5098258321909792	0.8909516088711911	1.2335458963491723	-0.3403176451612122	0.8394698319213865	-0.3086185362903464	1.0816182682983597	-3.75845114919355	0.08989030526613451	0.0	0.0	-18.931975524192424	12.93938972073337	31.74042635483855	11.695994305164547	-31.609305165322656	1.1960922356000363	29.674504625000186	11.999908280087977	-4.938355570325801	0.17414097422849845	-22.989260798387107	2.585596160776935	-26.235086949357907	2.517917543983215
-1.4058553588709124	2.837207324355738	0.37324399193550484	0.4553370430601285	-2.611062016129029	1.2936499778321235	0.884140479838786	0.8249532637136421	0.25352846370975257	0.9875595918101091	-3.709143774193551	0.10720407852139197	0.0	0.0	-13.677013649194386	11.838198837395714	31.366887229838884	11.071208838815972	-35.2042032903225	1.5298151835768758	27.49162012499978	11.415210439062651	-4.383746024225815	0.19658756663808163	-23.729477923387464	3.0719551821565085	-28.27934727825763	2.8894173089484063
-0.769332858870257	2.6737183756266494	-0.031402383064488504	0.49986409451967984	-0.738307516128863	1.429883208957754	-1.0177368951612653	0.8105103201623962	0.10610858870985496	1.014146209137306	-3.771475024193551	0.0921968111878878	0.0	0.0	-39.45389864919255	12.604510158168843	47.65174635483908	11.05580635664668	-31.145510290322733	1.4117545534504061	43.49577887500009	11.191002006077444	-4.786956273425803	0.1658438871892172	-29.16980867338725	2.7042604615189942	-34.34125740245776	2.3750887661964497
3.3390687661306444	3.0305831222651456	-0.14027600806457663	0.4923917152220871	-0.40873801612887917	1.3855844416587928	-0.8239667701611939	0.8545926709779811	0.7695444637099449	1.0813406102580678	-3.7682293991935474	0.08725259494737657	0.0	0.0	-20.85885602419203	12.006021776458546	31.181203729839062	10.392611650868576	-34.903780415322835	1.1833074899767493	26.221996999999966	10.516627054690915	-4.632926745425806	0.15604081899395914	-25.614029673386895	2.684701728675631	-31.437933749457443	2.434147197199843
3.565828141128293	3.245743406127295	-0.04897525806451242	0.5370425389886927	-0.3429330161289279	1.2791032148497208	0.6038164798387156	0.8751153034863834	0.4399593387096292	0.9601296404246691	-3.766957399193548	0.08741509972288154	0.0	0.0	-22.230763274191773	11.956337772640508	29.302707479838705	10.878253290204778	-31.180956290322612	1.269106857212159	26.40218699999998	10.955846358972108	-4.667003300525801	0.16568109640942347	-23.658273798386958	2.8350361205244257	-27.458840179558337	2.498572238879014
-0.3888904838711369	2.882421724673051	0.4170944919354156	0.584738985425755	-0.6006032661289424	1.2281394289512348	0.8583346048387845	0.8770222547043081	1.7418283387094284	1.0553456165635378	-2.8022560241935435	0.10064394183779188	0.0	0.0	-20.973293149193033	13.549134129756881	26.73982910483893	12.372934240895226	-21.972865915322686	1.4049287343532924	21.73931587500019	12.518032174508178	-3.434760791825811	0.1775048628968876	-16.98082229838753	2.7501540165243283	-22.613840295857983	2.4297204467386733
3.7041611411289637	2.917238652476231	0.17196686693544283	0.496628977816663	0.4651126088710278	1.2917348613763724	1.4160496048387934	0.8427539001969047	0.696799963709946	0.990271777976547	-3.2459438991935428	0.10614572325130896	0.0	0.0	-28.124654899191796	12.919334568348553	32.59593197983905	12.100609592699406	-26.74918829032262	1.414456450072831	31.800647125000182	12.183764891966588	-4.379945745425807	0.19486056022792517	-19.069764923386387	2.675143185299079	-20.999051624458133	2.3919431288297703
-1.4099746088705842	3.015240312814592	0.1787182419355089	0.49777840600865086	-1.0280768911288725	1.3736037692622394	0.5745776048387734	0.867345149925448	-0.09567116129031383	1.1956749213981792	-3.1163206491935496	0.10600095114908163	0.0	0.0	-18.349179274192252	12.019110670095117	26.874991854838775	10.416964799305642	-24.339799415322737	1.3034325088244896	25.35921537500028	10.498259008908267	-4.038511556525809	0.17001901431355962	-20.71073429838671	2.8717822849608203	-23.148701685558066	2.7031144551292496
2.0485031411284353	2.738638614858921	-0.18777525806452644	0.4963848044927671	-0.3906283911288817	1.4396171803266096	0.8977427298388019	0.8845651226196237	-0.8602782862903453	1.0780602594225654	-4.48925589919355	0.08876168668345293	0.0	0.0	-22.47961064919133	11.391302728589736	33.62082972983901	10.91205996084065	-39.84268904032269	1.256435219756129	31.133959625000003	11.150117322844093	-5.393634782225808	0.16508375127872887	-31.68316192338702	2.7741576954384914	-35.0744109112583	2.5404019971428036
-4.514285733870906	2.831133112181978	-0.07584563306451031	0.49093926723733555	0.4111691088709115	1.3370156530568922	0.01063135483874511	0.9221820909734484	-2.4341281612903636	1.0142086622081952	-3.7088737741935405	0.100047661833774	0.0	0.0	-3.118335024190827	13.086512007088473	20.30745397983921	11.585439278397264	-32.17418304032255	1.3713775777890342	17.77014050000022	11.853516971224918	-4.496850675725811	0.18961896358951408	-25.29639692338654	2.6845788066932714	-28.62168730475824	2.4363553153216615
0.8493713911294094	2.577730924427896	-0.1244291330645737	0.48898709045069394	-0.4724990161289213	1.3174718307562698	-1.2213146451612271	0.9485483998692762	-0.8376552862902997	0.9752114333021098	-4.257836399193549	0.08968104929304818	0.0	0.0	-14.580513024192214	10.981355451899823	25.762712104838762	9.836131847252595	-38.361803665322604	1.1666635936425527	23.683276999999862	9.944898358188127	-5.183828587625802	0.1588664215701057	-33.24396767338686	2.6803129868378206	-36.249394966657704	2.4638934375738346
-2.6006476088700765	2.8559254295219625	0.24815749193547276	0.45777358854134054	-0.8583412661287824	1.5452686325851244	-0.19585439516118797	0.9739814860244204	0.07902983870952696	1.257054666122039	-4.195716024193548	0.08925827263597373	0.0	0.0	-2.06203614919184	14.012701251857981	19.457716729838737	12.075094054727346	-37.61067404032273	1.1651541802507106	16.320199250000293	12.33379879558715	-4.956404673425807	0.1700280003488199	-27.73836542338671	3.0355331764081135	-31.636571552458093	2.7035524018048833
3.7266752661299165	2.633502645961288	0.6227337419354342	0.4185487518633598	1.2003311088708948	1.341707630491702	-0.3219538951612577	0.8710502418168485	0.6859522137098217	1.0269227426446432	-4.402162774193549	0.09683524885829413	0.0	0.0	-16.698152399191343	11.353317384856778	24.400017104838895	10.127137867637924	-38.84037966532251	1.3666694000188624	23.71844225000037	10.258358732660975	-5.245225081925805	0.1762714396627284	-29.626939298387313	2.9359329180118365	-31.151576460958225	2.717461239966658
1.0438195161289059	2.5390641349956886	-0.02730475806459154	0.5337196568317215	0.02692160887102446	1.4865597178327	-0.6580112701612659	0.8297432995221385	1.1190835887096995	1.1129554680426816	-4.283827774193545	0.09284284593067349	0.0	0.0	-0.07902289919462646	12.396829133273974	16.068501979838828	11.164504963635965	-37.459954665322776	1.277623721490103	13.323015625000206	11.406235321201462	-4.8454038799258035	0.17477061796010504	-24.249794673386845	2.567839037779696	-27.556857133957948	2.33718087983191
0.12393239112964238	2.5518641656274332	-0.053359883064480584	0.5071891354178065	-2.7805196411288478	1.3068129128758916	-0.40391177016120494	0.8792959078985959	2.0469655887096216	0.9738271075815504	-4.148744149193547	0.1086956320721775	0.0	0.0	-23.617008274191903	12.181210848046192	38.323377354838804	11.003869747101973	-38.27410204032286	1.6935786747787083	37.52295712500016	11.203569487325732	-5.160517800125807	0.2175415535056303	-28.783370423387026	3.039642557767465	-30.595564304158046	2.697400513979645
1.5614023911299455	2.458473238700881	0.4634591169354678	0.5229898740156492	-1.0516553911289854	1.4442792977533299	0.1012814798386561	0.8642752971194541	0.831026213709702	1.0831517346426207	-4.486586649193545	0.08628102525403024	0.0	0.0	-20.08309539919094	12.23530113047783	29.855200479838736	10.806276737906447	-37.883031040322756	1.334544297951624	28.833765000000092	10.95133297315331	-5.302893856325812	0.16155904635180546	-30.69199879838675	2.8296724083525033	-32.52974148535813	2.569872399957986
-0.9880236088700372	2.7705959903776285	-0.09709625806458178	0.4819799393505191	0.7353416088712592	1.302889606998438	-0.7433698951612193	0.932835236939535	0.521143713709936	0.9399859155570723	-4.583079899193555	0.09515096201902905	0.0	0.0	-20.192978649191797	11.936352995077181	33.11124947983889	11.028320767816904	-37.89503891532253	1.3424444957722959	31.33055075000011	11.106079383515265	-5.405741075525815	0.18037011789805596	-30.131852423387002	2.701664115068004	-32.73521232955794	2.5223618129925782
-1.5880897338703903	2.775049683028173	-0.924805383064566	0.5204862319361755	-0.24216551612903459	1.3282311917729284	-0.1380008951611824	0.8338036518270567	-0.2917837862902424	1.0922839176639207	-4.5910956491935515	0.09057155541357771	0.0	0.0	-7.884683899192169	10.828378109482395	21.693338729838658	9.523556496699019	-38.93526966532284	1.4514878744205206	19.198815124999967	9.709036895921873	-5.3045883610258056	0.17986704887538033	-32.902555798386715	3.0332336619414613	-36.110572115058034	2.8069040703042543
4.038041141129042	2.5688001383168433	-0.5217538830644699	0.4489110158533428	1.116378858871009	1.4749186414070004	0.44877497983880943	0.9096789391056023	0.36210046370973004	0.893635201587411	-4.634177774193551	0.09868207487742059	0.0	0.0	-15.390846774192326	12.124909831862082	24.469257604838525	11.147950328112346	-39.66711416532277	1.427271094799446	20.47896175000011	11.299047278423842	-5.563284213425798	0.1876318031390593	-29.779339548386936	3.2017583567385905	-34.69874184245808	3.024201397618862
0.7201180161289358	3.216175929309498	-0.10485988306464122	0.5069152334041487	0.6734871088710648	1.3518950038718893	-0.533662770161234	0.8710243359005309	-0.6419954112900115	1.2403034286559453	-4.6995520241935465	0.08734353975746173	0.0	0.0	1.5030139758058567	11.837001533466143	11.996976354838722	10.20368655996803	-40.55480504032265	1.2205498517634739	5.304403625000205	10.485852606161288	-5.482260281525808	0.16282225270051007	-31.641279673386805	3.0961419872925138	-39.11656066055817	2.7164277518272377
1.8678115161296205	2.486239900135611	0.13993674193545758	0.4409672503260682	-0.5779845161291206	1.337358880695553	-0.595148395161198	0.7936466354574541	-1.0270005362900214	1.1508920569021166	-4.646558774193547	0.10573069486742635	0.0	0.0	-56.79648427419394	14.669154823431189	68.32604447983873	13.268307875510263	-38.286565415322436	1.6044057677060473	65.03833025000013	13.419416792993374	-5.576239224725801	0.19745328693007966	-31.59594917338663	2.9793017614807917	-35.81334385375794	2.710847384330646
-2.43027460887086	2.435021400337909	-0.08839325806453857	0.49805798209572216	2.0087599838711334	1.4811835996207534	-0.1149433951612675	0.7647959687477749	-2.1921940362902426	1.0651908499592753	-4.504180149193546	0.10032222623801862	0.0	0.0	-62.439703774192566	12.408844647624345	76.40185897983874	11.314094822827814	-38.823085540322595	1.3976007179482564	74.24058	11.567322223507398	-5.462130979625806	0.1820509230231501	-32.18215579838727	2.680488836618997	-35.30138560865748	2.4245016044391363
0.28915314112879287	2.8207408586874188	-0.28861888306456507	0.49040731696042805	0.21796273387087695	1.2701105711390226	0.16272097983879164	0.7738131462365329	-0.5484645362902363	1.0416233013746559	-4.712194149193546	0.09807880513398962	0.0	0.0	-50.669964649193645	13.97981765193055	62.58136360483887	12.289360826060244	-41.82443004032277	1.4043085353519613	59.92688400000054	12.315586069008226	-5.7258334096258015	0.18951365274127624	-34.79247179838734	2.9254489432337296	-38.46059066365808	2.7142298536424536
-2.67338635887063	3.3135990289118302	0.020636116935438764	0.5094831312411976	0.7525302338711413	1.4350677857562826	0.678813229838779	0.8739390054746689	0.21046783870958308	1.086694500132671	-4.4057421491935465	0.1049631418754374	0.0	0.0	-15.442713774192953	12.631677165652228	32.25289785483899	11.71377957464069	-38.68621204032256	1.6109363427292815	28.756095874999957	11.918123442312147	-5.149815604025821	0.20624685017509856	-27.292709048385888	3.161013146798356	-31.53358448305829	2.9673270392615385
0.5765657661290788	2.6648576993423756	-0.3855247580644985	0.5381756150465242	1.11663710887116	1.302186495630498	-0.19014264516116341	0.8455091398181592	0.0927415887099059	1.1140094755288017	-2.95135239919355	0.08913516015073485	0.0	0.0	-9.282415774190298	13.248648947429734	25.224915604838774	11.492792776426098	-26.317490040322845	1.3549203483060102	19.399547500000157	11.659726604995711	-3.7246429087258024	0.1714313234399502	-12.116065548386747	2.966056915010254	-18.714724162757758	2.689452945859232
-2.49286898387075	2.6172945463199753	0.20852461693548285	0.5020012376368385	0.1862111088709213	1.434508304170108	-0.2044005201611654	0.881439424112505	-0.2813411612901451	0.9917980467342361	-1.1512046491935415	0.13605068510184315	0.0	0.0	-90.65941089919102	13.941656234096527	86.27723597983879	12.403635743261564	2.5633043346773574	1.5475253712358574	101.04744837500002	12.762252526634555	-1.0825877536258113	0.19929384122868307	-5.553950173386852	2.8324205930156725	9.28487911734203	2.9368327930017615
1.8499157661303371	2.637565585796301	-0.6941590080644868	0.4717031004584929	0.41990585887103293	1.208081818296985	1.1458056048387402	0.8879231633262527	0.9148518387094526	1.200551939447632	-1.6804431491935468	0.16093561570117346	0.0	0.0	-54.98054814919354	13.84727321278532	54.78479372983901	13.283800065404685	-3.939255665322701	1.6124073639188543	67.32063600000046	13.28678564663859	-1.4999205472257957	0.23615331948226695	-2.1791331733866173	3.215510379875792	10.5372316987428	2.8922734278347413
0.42879501612950577	2.6676561885183823	0.6953113669354778	0.45007063505678535	0.47420060887110793	1.5038642078115916	-0.2730973951612192	0.9023391702602002	-0.5098346612905758	1.1234377502295068	-1.467189274193549	0.15677509536146142	0.0	0.0	-84.52931464919095	16.599484278248422	90.0777354798388	15.34126835725059	-0.8980157903226704	1.7457331819671713	117.80175574999993	15.619062077646742	-1.3123653631258065	0.2311320618389379	3.998590701612784	3.4996341006169924	31.877434882842294	3.8805639148659443
