1-4_eel_avg	1-4_eel_se	1-4_vdw_avg	1-4_vdw_se	angle_avg	angle_se	bond_avg	bond_se	dihed_avg	dihed_se	ecavity_avg	ecavity_se	edisper_avg	edisper_se	eel_avg	eel_se	epb_avg	epb_se	vdwaals_avg	vdwaals_se	egb_avg	egb_se	esurf_avg	esurf_se	pb_tot_avg	pb_tot_se	gb_tot_avg	gb_tot_se
0.4095673508046218	3.1124751064136467	0.6159782943547469	0.45191172898991716	1.2094403669354605	1.3453754461806084	1.220136145161268	0.8414715050136142	-2.522189487903063	1.1348295396062513	-4.4063213911290395	0.10181660655372812	0.0	0.0	-26.261730254031892	12.349891201568024	31.6844119798385	11.442818398613113	-38.347750624999975	1.3927021408734348	29.85030462096738	11.608224169247293	-5.269723228016147	0.181102226306736	-36.39845762096806	2.4823107921918433	-39.09596681672599	2.3832329179192144
-14.573692774194512	3.0268951403778765	-0.0021360806451511394	0.5270392272575746	2.3484181169354486	1.346689153164475	0.489280770161292	0.8009332842797949	-1.578322112902942	1.074021503755279	-4.756550266129043	0.09873753698005548	0.0	0.0	0.949265995966357	11.80443778644141	36.25143572983819	11.11572059985281	-43.9286118750001	1.2121540649144023	32.121152495967216	11.24769551740446	-5.652499271516134	0.17817086250799	-24.800912495967992	2.8193079637821747	-29.827144735226	2.600805907186161
0.03419397580626082	3.102375745759148	0.5377896693547974	0.46890546036198544	0.24836174193570315	1.2533046695833996	-0.4073018548386589	0.776301795220631	0.4688967620969393	1.062857926895413	-4.040568391129035	0.11002906066910766	0.0	0.0	-21.234144754032968	11.641159991521826	33.30569447983886	10.573556042488057	-32.94612375000008	1.4196590738012493	28.02163312096752	10.756198594926769	-5.116635236816146	0.19423589537667166	-24.033202120967985	2.4398562626618947	-30.39333032552571	2.1730885145828203
-4.563044524194424	2.9118114475879087	0.052500169354782855	0.5273181703420313	1.8396256169354217	1.4057784706772163	-0.20842972983868968	0.9169727483700986	-3.2008016129031773	1.1897034171797467	-4.851085516129032	0.11341265297633732	0.0	0.0	-40.88715625403427	11.133089854180884	58.930305354838794	10.421041967952828	-43.41786887499991	1.4018214866863028	56.41971274596787	10.54659111043734	-6.166502445716154	0.19979736513607307	-36.30595537096775	2.675568207231206	-40.131964909425676	2.4442726810173863
0.01025335080515788	2.427103879896327	-0.05353733064511346	0.5126773290673367	1.3698114919355717	1.2341585172429501	-0.38009460483875657	0.8365401651338153	-1.3602338629032467	1.094758636651376	-3.8688273911290327	0.09736979379817312	0.0	0.0	-25.39880175403127	13.042815671589198	37.846661229838396	11.746031749310445	-30.644744875000136	1.2005820168329275	35.623339495967535	12.185626313045287	-5.150378312216139	0.18050286480516176	-22.47951374596775	2.6200515786044476	-25.984386400925473	2.5216157771736847
-1.247952399193796	2.8382585313544366	0.12937329435478873	0.4547394113859387	-1.0807277580645085	1.3039558838949254	1.1622863951613454	0.8231166499309778	-0.8900529879031893	0.9874705433681674	-3.831477141129038	0.11354260482300271	0.0	0.0	-16.594627879031883	11.979442410730096	35.265196854838386	11.102584790862387	-34.697040625000106	1.5138785621812683	30.869175120967483	11.420840946986466	-4.593017593016143	0.2029854240979744	-21.785022245967525	3.09507489255842	-26.942584431726317	2.888502540178873
-0.544856024194246	2.6705887913770097	0.5184259193547938	0.5011086028711403	-0.2534518830646775	1.4247331415662319	-1.0815473548387065	0.8152548903175675	-2.3922986129035273	1.0150593622503497	-3.956213891129039	0.10052898231946958	0.0	0.0	-41.09147887903316	12.593700474764972	51.671834729838324	11.154885556543752	-30.095157625000184	1.4102118615925172	46.63847412096735	11.30607491300048	-5.039490874616142	0.1741719588092882	-27.22474362096773	2.7044644605397266	-33.34138121332609	2.3808382936186647
3.183438475806227	3.028542256234655	-0.14827045564524433	0.4922395060758045	0.15906524193548677	1.381270533345343	-0.7944466048387273	0.8582888831408356	0.204269512097202	1.0708735747150964	-3.9127497661290374	0.09493929194121335	0.0	0.0	-25.061550754031572	12.094928648165158	36.98303710483853	10.436824634504445	-34.74814149999983	1.1909310684810355	31.29385962096719	10.51837863841913	-4.89990947681614	0.1608954722151817	-24.13534874596799	2.6626883252376286	-30.81168594052616	2.4462871418862444
2.8600719758065622	3.2484887513330882	-0.11289783064515646	0.5345517109747202	0.35817936693550934	1.2757770982364194	0.5650398951612798	0.87197365834509	-0.8654697379029486	0.9623324485153105	-3.900540266129039	0.09580999527422146	0.0	0.0	-23.271285504031624	12.00810718566649	33.101257979838635	11.029600645481345	-30.361486374999995	1.2759191089464916	29.767774495967423	11.023591840891235	-4.893432084116144	0.17111566923961286	-21.6271304959684	2.8298537142334523	-25.953505797825898	2.5130560937709707
-0.5936097741945332	2.8734061674456415	0.4325016693548438	0.579298457778046	-0.4880841330644019	1.2219008064002788	1.0070343951612992	0.8730431962809415	1.9816303870969385	1.05311738304202	-2.9748252661290344	0.10791099145745492	0.0	0.0	-25.64402187903355	13.532728743563355	32.642655854838594	12.516107560304507	-21.874172499999972	1.4066474435095058	26.815477870967527	12.480762449356616	-3.7544539456161345	0.18227554882322655	-15.51089124596848	2.7129252010578684	-22.11769790932641	2.426041555063722
4.178330100805255	2.923767562362641	0.1342981693547891	0.49535015445239583	0.5978263669355179	1.2800437769338322	1.173367395161291	0.8405376377281841	-0.14334436290304708	0.997434876155114	-3.400208391129033	0.11306577512907831	0.0	0.0	-30.500881504033444	12.962867444472659	36.4658999798386	12.162441951956563	-26.71556062500023	1.4245523538251912	35.018641620967564	12.286696581030785	-4.616718976916134	0.2000004802975774	-18.210272870967643	2.6946517176317077	-20.87404181562573	2.4068351142968636
-0.5719373991949794	3.0184489943552033	0.15652966935480972	0.4972268862802261	-0.7350822580643452	1.3720562614911032	0.3227373951612913	0.867763743940435	-1.3650207379031603	1.1886485310913946	-3.300325891129037	0.11318307218176842	0.0	0.0	-22.72998312903323	12.132510556253866	33.07601710483831	10.470544733711927	-24.12810737500007	1.30173120548073	30.375888995967493	10.543646431456898	-4.365026328716143	0.17647046591834953	-19.275172620967652	2.8917129605338943	-23.040001167425757	2.6964364001571903
1.3659502258050225	2.743477671045734	0.1466596693547757	0.5002286771131715	-0.22216313306446978	1.4378744490155226	0.8283767701612597	0.879716469237919	-0.9001413629031454	1.0945870592627507	-4.577253266129041	0.09620795060836293	0.0	0.0	-25.243817754032904	11.527600839099332	36.56786672983865	10.909053644751985	-39.14858337499994	1.2660799115822605	34.31958387096779	11.154819000295923	-5.5408552480161415	0.1701948878543282	-31.183105495967652	2.7774610453896793	-34.3949903367253	2.557236591969811
-4.8167252741943685	2.8281601502458744	0.22075016935483127	0.49600900139762427	0.4094277419354846	1.3345610862023356	0.22452477016123762	0.9218381925587676	-1.9544112379031304	1.0387567938107034	-3.8165001411290347	0.10788895279101245	0.0	0.0	-7.765875754033118	13.134041221689973	24.9830166048389	11.592916844336711	-31.667167124999885	1.3718210725538917	22.706676620967357	11.942755422570437	-4.690501214516139	0.19590098855769897	-24.182960245967962	2.68965337420342	-27.333301303226193	2.447431897691458
0.38446560080598147	2.587243428001155	0.15363754435482946	0.48748355109328195	-0.31826025806448044	1.3218231015678659	-0.8691837298387082	0.9525465850159628	-0.926088612903019	0.9989996490738488	-4.344160391129037	0.09722143546892156	0.0	0.0	-17.6986527540314	10.980735839944547	28.908978479838378	9.862667701319445	-37.687771125000054	1.1807354079136436	26.98686962096766	9.962643486039035	-5.335256494016147	0.16276048662927675	-32.397035245967885	2.677886393741696	-35.31024020772551	2.4676606567068227
-2.7873458991942357	2.8596029324936816	0.5126417943548915	0.45977680658630005	-0.5719225080645494	1.5513567394929775	-0.039496104838756096	0.9775719582092408	-0.3796291129030678	1.2672167186809635	-4.293174766129037	0.09778246194983838	0.0	0.0	-5.486589254034698	14.07020345187301	22.678453604838424	12.114153581926336	-36.96197699999992	1.1760899230271722	19.944174620967225	12.405713877956574	-5.132077232516137	0.17722765414913255	-27.329039245968573	3.031419823957273	-30.90222069622598	2.706157926864378
3.312714600806089	2.6383723324463584	0.8725034193547963	0.4208882627287971	1.3498291169355383	1.3428088508629732	-0.08775735483872893	0.8712468410830181	0.7358803870967812	1.0517249276972795	-4.50415114112904	0.1042280668890601	0.0	0.0	-20.02594825403176	11.392832070757125	28.021114104838443	10.252870628764866	-38.290839624999855	1.3549205651875025	27.19585024596764	10.326690456253239	-5.437387042316131	0.1831295786987041	-28.61665474596832	2.9260657990626027	-30.375154381025553	2.75440979766948
1.0818402258048536	2.5287216339675864	0.221872294354867	0.5324745732088856	0.19391399193578707	1.487696582010963	-0.369881354838661	0.8284326218515266	0.7164563870968834	1.1303271379775108	-4.36101964112904	0.10088208542509347	0.0	0.0	-2.3852433790336818	12.489617842648222	18.61004772983872	11.25076002375995	-35.9245356250001	1.2671677595837958	16.04236837096715	11.506698929823823	-4.958167141016143	0.17958865433613003	-22.216549370967954	2.5575703009118285	-25.381376229726158	2.350685193622943
1.4068903508049289	2.5598764392057305	-0.121804830645182	0.5049901768225926	-1.6898027580646726	1.304374954789296	-0.24545222983875625	0.8899372280373389	-0.11254123790332571	0.9977446218460551	-4.305224766129038	0.11429597455928711	0.0	0.0	-27.74523575403248	12.254643314605469	42.016580229838645	10.980840614382041	-36.446180874999996	1.680364205354398	41.27415637096729	11.334625607399003	-5.427773250416148	0.2200169244023336	-27.242771870967914	3.0691769387603225	-29.10774421412586	2.700585775879048
0.8831444758055795	2.4687265438983195	0.7485409193547632	0.5262039179222716	-1.4025332580646008	1.4314216300779667	0.11387389516128898	0.870051918206606	2.04062538709708	1.1080742766636291	-4.590259391129034	0.094748236262175	0.0	0.0	-23.75405700403411	12.306217007337652	34.1609463548384	10.90902339120829	-37.371879625	1.332392397689537	32.88222087096759	11.042009620594962	-5.491501993916145	0.16917935729719688	-29.171598245967516	2.8248684929361456	-31.35156633262605	2.5793290214176756
-4.161503649194515	2.818139290381636	0.5284984193547864	0.48607388937756685	0.2958146169356368	1.3048831872597597	-0.7069824798386861	0.9339646209905706	2.754569262096858	0.968482831124839	-4.667674266129041	0.10318514076219151	0.0	0.0	-21.674030129032065	11.929457840061351	37.149782104838366	11.130210603569296	-37.90381150000007	1.3439743056796871	34.97526024596751	11.209383164235177	-5.553224323316149	0.18650293441228769	-28.38533762096766	2.6833728729807533	-31.445409537026073	2.5432676100386176
-1.3196573991955916	2.7714633536722864	-0.5109615806451373	0.5166909449753103	0.10360886693563387	1.3310770381083703	-0.05143635483878306	0.834306332548082	-1.0446988629027523	1.1015463148590285	-4.690201391129036	0.0987963921499635	0.0	0.0	-11.695728879034618	10.849203886412498	24.278901354838496	9.55079872867083	-38.870874999999984	1.4631313441476803	21.83158824596783	9.726363589279817	-5.421970063916142	0.18576496596212397	-33.8010492459682	3.035185079828895	-36.98013102762543	2.806710809082849
6.7066757258048995	2.577694640303063	0.21237629435485417	0.4515598064864342	1.2372088669353296	1.4728178465550938	0.6716476451613431	0.913088978404652	0.6665036370970654	0.9316849800784059	-4.722100266129041	0.10637406003940444	0.0	0.0	-21.708284504032164	12.223248949424669	26.921914479838314	11.18963016192259	-39.6988564999999	1.4249934004166103	23.270283370967583	11.318724992185258	-5.660379227816139	0.19108943310115875	-29.712914620968185	3.176796245643824	-34.302824691526396	3.029850122431633
1.2410479758049462	3.1976111682670805	0.41078829435485886	0.5077274851751584	1.3333393669353342	1.3456253906266096	-0.1211956048387588	0.8776302125061708	-0.27901073790284414	1.2550805381856869	-4.800193266129035	0.09553537893501264	0.0	0.0	-2.1518711290331964	11.9165321182475	14.03173147983847	10.327162900345762	-40.529002625000075	1.2230150461260514	7.617669120967321	10.528549803355151	-5.5921536397161455	0.16851957931914632	-30.864366245968434	3.0793181440885458	-38.07038897842599	2.7242204075173135
2.891798475805672	2.4949185158873886	0.6552706693547599	0.4444316382447546	0.22358049193532636	1.3512506272643456	-0.45475985483868087	0.7970934843752351	0.8826922620971906	1.1820505613263717	-4.758264141129037	0.11247349226360057	0.0	0.0	-66.06339150403133	14.741764828516857	74.47694322983821	13.298753303440897	-36.4220467499998	1.5949571810798302	72.45351412096738	13.403723025151942	-5.7546770167161405	0.20243214962980538	-28.56817712096793	2.979088713280391	-31.588019105425786	2.7345504035541586
0.1181161008065601	2.4380677813278466	0.530794044354753	0.5001270625914377	2.0725299919355358	1.478189902422418	0.19169464516131285	0.7599868840089736	-1.8553964879032456	1.0752910812757837	-4.599296891129038	0.1070848691317002	0.0	0.0	-71.54106087903249	12.50987014207765	81.37650622983867	11.338616283971717	-37.02837600000012	1.4073039557554707	80.4164528709677	11.564428004671718	-5.626610435816129	0.18662736695253326	-30.73448924596775	2.7176815308886124	-32.72185614952676	2.4460125138913087
-0.1717168991947915	2.8082074173155864	0.12837116935481774	0.4948292411738501	-0.29321475806436936	1.277272855025509	0.17918439516132167	0.7744691442231901	0.42635776209682774	1.052684593087406	-4.808614266129037	0.10694909697741929	0.0	0.0	-59.04954025403353	14.194075067065786	69.45489285483842	12.37489631148219	-40.11995012500002	1.4064685150472984	67.6791403709672	12.368472466594495	-5.884370875016139	0.19420016631638734	-34.25423012096783	2.958561980405344	-37.10573921372597	2.7365715408054028
-6.195046274195306	3.307931932540735	-1.05495020564506	0.5117901186650404	2.357512616935537	1.433607245114918	0.9580718951612113	0.8719326143476669	3.4921418870970093	1.0814066327780936	-4.503458141129033	0.1118065871408159	0.0	0.0	-9.320679254031631	12.694693419051486	32.71464510483854	11.737637850428824	-37.433064874999765	1.611913653079075	29.05978274596749	11.94920368588373	-5.253881346116145	0.21007323093909983	-18.984827245967978	3.1513019170440115	-23.390112809825467	2.983420909021358
0.7128227258057933	2.642071088836533	-0.26643233064514327	0.538208535132168	1.1380084919356577	1.2979392646019083	-0.2398041048386883	0.8481273663124453	-0.21992823790333915	1.1095202309584278	-3.1211435161290364	0.09781011329402003	0.0	0.0	-12.4780092540326	13.30762752395765	30.69615672983855	11.548525421326941	-26.284869124999897	1.3687943109038714	23.25529837096776	11.752718675151618	-4.017242777516147	0.17642605852755142	-10.063198620968265	2.9665352841522705	-18.40015624122579	2.6982048160506205
-2.124642774193859	2.627959726231198	0.142870919354813	0.5004745668763765	0.163928991935542	1.4311386648144613	-0.0844276048386412	0.8828065769952174	-0.37396973790296606	0.9887930395864072	-1.2319792661290392	0.144907538147884	0.0	0.0	-104.69540275403219	13.891778097296879	96.6260558548386	12.583760234869851	5.138508249999876	1.5420691243364635	112.14977562096738	12.847162130434022	-1.2100508011161422	0.20613681387967636	-6.439058120968241	2.8497455603614528	9.106590110173556	3.077403582325641
1.9130837258055209	2.6237973898864984	-0.6756472056451805	0.47281503213334686	0.5280463669356124	1.1733052049618775	1.031404895161284	0.8933520002047685	0.9096450120969664	1.1880439943314784	-1.7446615161290318	0.16903410496007035	0.0	0.0	-68.54800650403376	13.853840391689523	64.68763710483813	13.322166460568294	-1.418754000000093	1.6314597148286734	76.11622462096724	13.426120368551954	-1.611055761416147	0.24431105760425617	-3.3172521209675665	3.1973266638557285	8.244941149873341	2.9089351030581025
0.7253131008045379	2.745385166724779	1.3164605443548325	0.5384411186667816	1.9708222419356645	1.5823538391985175	-0.21256747983871804	0.8976401933419467	1.013369387096688	1.3663376744470501	-1.5753241411290353	0.16356276491447486	0.0	0.0	-130.02232862903156	23.675103870283518	123.52526822983845	20.528454812159318	4.897318625000112	1.9801646625161895	158.0529861209676	21.364143671623285	-1.4645823265161404	0.23715710455415617	1.6383318790321937	3.9284378288024526	36.27679158477383	4.040843911509189
