ligname	pdbname	1-4_eel_avg	1-4_eel_se	1-4_vdw_avg	1-4_vdw_se	angle_avg	angle_se	bond_avg	bond_se	dihed_avg	dihed_se	ecavity_avg	ecavity_se	edisper_avg	edisper_se	eel_avg	eel_se	epb_avg	epb_se	vdwaals_avg	vdwaals_se	egb_avg	egb_se	esurf_avg	esurf_se	pb_tot_avg	pb_tot_se	gb_tot_avg	gb_tot_se
j1	j1	-2.4999946049319985e-07	5.58026273903329e-06	-6.249999836427378e-07	8.786651584290065e-06	-1.6249999936235327e-06	9.232360300659837e-06	-3.0000000165131268e-06	1.0035454728865436e-05	-6.249999501051207e-07	8.790684813800335e-06	-4.594132124999999	0.14835538973789453	0.0	0.0	-21.01603412500013	4.537128990836232	33.67828362499979	4.790891436715642	-39.23333075000006	1.8008352674387031	31.01504562499995	4.605497458889601	-5.275960663500001	0.24018215573732765	-31.16521950000008	1.0895143277273414	-34.5102860385003	1.593064283356098
j2	j2	-3.3749997942322808e-06	8.564408443473435e-06	-1.5000000147580296e-06	8.204366130412405e-06	-1.2499998831572156e-07	8.63698082703891e-06	-8.750000144175374e-07	8.328031045989427e-06	-3.74999929704245e-07	1.0642106045114587e-05	-4.387592125000001	0.03975410712279641	0.0	0.0	-0.9511581250003122	1.548796119994121	18.32625549999999	2.294837361263573	-40.73451450000004	0.5428341539016786	15.113774250000029	1.6279875217163808	-5.0815524924	0.049528994160778037	-27.74701549999994	1.2049499713799414	-31.653457117399917	0.8461776303017088
j3	j3	2.125000091837137e-06	8.511896856695551e-06	5.000000085431111e-07	9.388341691267627e-06	8.749999116730578e-07	7.096431224474802e-06	8.750000078094899e-07	8.946587599039477e-06	3.1250000647276013e-06	5.595728206380358e-06	-3.5100856249999994	0.06009323258437566	0.0	0.0	-11.546082750000641	1.3016914401726054	23.203763999999957	0.7536728509318108	-30.69141024999999	0.9257457787630431	19.52438312499995	0.8081574472465874	-4.403616272999996	0.06896701871646677	-22.54380712500007	0.9758253363842021	-27.116718647999825	0.7702169344892988
j4	j4	-1.2500003322202246e-07	9.655621856156732e-06	-1.749999998281737e-06	7.710152021763199e-06	2.500000530858415e-07	9.176956151861598e-06	-2.7500000006597247e-06	8.117416202075685e-06	7.499999054516592e-07	8.444251015606258e-06	-4.932548625000001	0.09349897451106946	0.0	0.0	-47.76168837500034	4.565322053866183	59.179424625000095	4.429802536105846	-43.68184700000006	1.1291197451688053	56.629428250000075	4.313273433067121	-6.050643161400002	0.13762551817684932	-37.19666300000015	1.026005320188815	-40.864753911400165	0.903235475805366
j5	j5	-5.000004262001312e-07	7.649274104282546e-06	7.499999869509111e-07	8.009675402993676e-06	5.000001175403668e-07	8.186432234237159e-06	1.5000000066578423e-06	7.505215382441262e-06	1.999999942725594e-06	8.520996809275635e-06	-3.5914298749999993	0.08409200178562637	0.0	0.0	-21.54226512499919	2.162850443545699	33.36929912499992	2.27683998011531	-30.69334924999994	1.0964184127250585	29.105296875000068	2.074791077172971	-4.714852248	0.1596101716555779	-22.457740874999963	1.263701430482337	-27.84516549800006	1.257810040932427
j6	j6	-1.6250001657169833e-06	8.342529398798397e-06	-1.2500000061521632e-06	1.1070885006447911e-05	-1.250000121899575e-07	8.354764802175304e-06	-3.7499997979750787e-07	1.1414519068201686e-05	7.499999499316345e-07	8.713645714688708e-06	-3.6866712500000016	0.025612216771587874	0.0	0.0	-10.665350375000068	0.7904216123440375	25.57738087499989	0.9677795612941227	-35.191380749999986	0.6097209340551428	21.49441550000008	0.8311902961392917	-4.399831300499999	0.06320211333865874	-23.966024124999606	0.6876490086052507	-28.762149550499885	0.7751348952584413
j7	j7	1.0000001930166037e-06	8.597800857456812e-06	1.8749999901501724e-06	8.336336074910996e-06	-7.500000556603936e-07	9.237008012559373e-06	1.5000000140474867e-06	8.300726779461178e-06	2.9999998034213602e-06	6.9830300208728335e-06	-3.9053830000000005	0.04910531362794996	0.0	0.0	-26.624749500000295	1.3165804655622273	37.684076374999925	1.4845933215393556	-30.21846112499999	0.5084409250716433	32.72761000000005	1.3028646464577747	-4.617370124100003	0.0804693916854959	-23.064510624999908	0.6045222024546254	-28.732964124100214	0.5659446850752987
j8	j8	-4.250000276897481e-06	8.879435065931428e-06	4.999999790555876e-07	9.215825326839337e-06	1.7499999471226602e-06	1.012762940358963e-05	2.24999998806652e-06	1.0557848720477347e-05	-1.3750000414347596e-06	8.825847554937808e-06	-3.5527046250000005	0.03320127514754764	0.0	0.0	-10.645266000000229	0.8406404909017026	24.71740725000002	0.8278378173384056	-34.282254750000035	0.7112741255053396	20.045048999999985	0.6803059021199738	-4.289783850000003	0.071880594778026	-23.762819249999797	0.7500808039800989	-29.172256725000274	0.8760793298503725
j9	j9	-6.250000672025636e-07	9.218070481736032e-06	-3.000000039108386e-06	7.882088501435113e-06	1.6249999772810497e-06	1.062023255060723e-05	4.000000001553872e-06	1.0795363434506235e-05	3.875000003148444e-06	7.713026857638884e-06	-3.7099571249999963	0.04783817329043878	0.0	0.0	-13.445031375000463	1.2900911301908389	26.112054500000003	1.2866683617230887	-31.22062112499998	0.8441660835986735	22.316616000000035	1.3865599523136278	-4.677662893499998	0.12344383018755319	-22.263549250000192	0.9333952683719154	-27.026693518500227	0.7765780152550632
j10	j10	-3.3750000409327184e-06	7.757648072952896e-06	4.999999732291371e-07	9.536026275883841e-06	6.250000191698746e-07	8.87523883544285e-06	-1.1249999656470777e-06	8.094121544152271e-06	-6.250001211327571e-07	9.112310903174313e-06	-2.547075999999998	0.09593724601307174	0.0	0.0	-16.331331000000578	2.18150062950352	21.10296699999995	1.6135451562022993	-22.556673375000006	1.7407079777783119	16.674007000000113	2.211832047528457	-3.254512974300001	0.16445635980054468	-20.33211737500017	0.7067911842728787	-25.468514349300158	2.1585036099118073
j11	j11	2.3750000036670827e-06	8.894217597230305e-06	-3.87499998222296e-06	1.132260071666551e-05	-3.750000206537152e-07	9.972748363015763e-06	-9.999999909737767e-07	8.339883609485803e-06	8.750001546076191e-07	8.45275509275058e-06	-2.9869443749999984	0.022981463346426364	0.0	0.0	-14.222277374999853	0.9538357079733566	24.092515874999936	0.7262057256419769	-26.299764874999983	0.6862112475102072	20.77673450000007	0.9209841148239827	-4.171520517300001	0.08664413399683922	-19.416472749999695	0.6712724392509022	-23.916830267300078	0.9351991168029448
j12	j12	-2.499999807241693e-06	7.454023983057336e-06	2.7500000073743535e-06	7.094631706863552e-06	-2.374999898080432e-06	1.0044968456537394e-05	-7.499999919957645e-07	8.61901455723819e-06	3.7500003976731475e-07	9.779796795393224e-06	-2.9048081249999984	0.03797833277429798	0.0	0.0	-11.956876124999884	0.5849541421557757	20.36102900000004	0.8379614304170184	-24.07945400000005	0.5378649232800907	17.428653000000157	0.7920908229454268	-3.7928105163000008	0.0769149179648236	-18.58011174999982	0.486111689496966	-22.400490141300082	0.5036129252733962
g1	g1	-4.999999191568349e-07	1.0364145100325058e-05	1.2499999812121133e-06	8.967251502998558e-06	3.7500002477486303e-07	1.0109131332762764e-05	2.999999997328473e-06	9.286964934495622e-06	-1.2499988557124198e-07	6.212847802800807e-06	-4.379953874999999	0.05998800019890278	0.0	0.0	-13.39583549999936	0.8230296298875535	26.88367500000005	1.0470363698556664	-38.697683000000005	1.0635288197313155	24.580284375000087	0.8844895678026632	-5.254152517799998	0.1472287515377924	-29.589793374999903	0.8602841443417144	-32.76738264280019	1.2703038781130827
g2	g2	4.411049303598702e-13	8.388102413961612e-06	4.99999988008426e-07	4.972967060931375e-06	-8.750000642976374e-07	9.150341922064625e-06	-7.499999729532191e-07	9.251682600988955e-06	2.6249999660876712e-06	1.1683399830800973e-05	-3.612305625000003	0.02711979175438607	0.0	0.0	-11.879054625000272	0.6012544343203065	22.60845387499996	0.6449027259758822	-31.01596849999992	0.3772046011663456	20.3019243750001	0.5636069761593879	-4.4335960496999975	0.04610950139140021	-23.89887337500003	0.5072399394979409	-27.026693299699858	0.48953062509690454
g3	g3	-1.6250001181106199e-06	9.557422199830664e-06	-1.1250000279972028e-06	9.179693103690689e-06	3.749999208935151e-07	8.262452693075174e-06	-3.749999690683126e-07	6.08040318517108e-06	-4.2499999287315406e-06	7.062981163871497e-06	-4.221046375000003	0.04602854547589477	0.0	0.0	-12.894760874999724	0.7385227426044126	25.863522750000094	0.9644927163224969	-36.74087749999994	0.9790595985042836	23.48150600000001	0.7629309825595776	-5.075731175400003	0.08053957755417564	-27.993169000000037	0.9038381529388765	-31.229870550399916	1.0607823535179457
g4	g4	-2.000000276893843e-06	9.184694028807938e-06	-5.000000047061804e-07	7.328868294466327e-06	1.2499996955739335e-07	7.719928478882359e-06	-1.374999976633262e-06	7.344758820315324e-06	3.000000102275635e-06	8.261828817703399e-06	-4.185295624999998	0.03747825776965747	0.0	0.0	-14.274438375000226	1.0243012368183826	27.345203124999852	1.347284231799663	-37.061159125000025	0.6593867389380463	25.933927874999977	1.0022508921525568	-5.048797042799999	0.07602938947252588	-28.17569074999965	0.6310883983722181	-30.450467417800112	0.8213770209136525
g5	g5	1.9999997766717568e-06	9.221721778598995e-06	-1.2500000096338227e-06	9.174129140842043e-06	-2.2500000358149917e-06	8.907924928270905e-06	-7.500000005933316e-07	9.721796932898298e-06	2.375000184002829e-06	8.73193926050528e-06	-4.37356625	0.038720479903492186	0.0	0.0	-14.147460874999865	0.9129758559539013	27.820973125000073	0.9751505757225067	-38.737549124999944	0.453881866825902	26.480905124999968	1.0296430766383238	-5.182497185399999	0.06570362258468398	-29.437602999999935	0.5624793490519432	-31.58660193540001	0.5430841992902369
g6	g6	3.000000037900463e-06	7.616140728791348e-06	3.4999999674312223e-06	8.809756266464503e-06	5.000000743393684e-07	1.154607149876988e-05	-1.250000186558964e-07	8.630182519601736e-06	-3.7500009980817594e-07	7.97122704186501e-06	-4.580893125000001	0.054050841800146326	0.0	0.0	-11.902654624999474	0.7847946986789109	28.38465087499993	1.622991527641421	-38.08217137500005	0.9904865039850148	25.105064125000062	0.9739836748951294	-5.315619104100002	0.10330459489733887	-26.18106174999998	0.7421968324914441	-30.19537447909996	0.8056017521594474
g7	g7	6.249999341889633e-07	9.020707097097002e-06	5.000000105326307e-07	8.905083808243194e-06	2.0000000461095623e-06	7.89833948825035e-06	-1.0729195309977513e-14	1.0880857133280158e-05	6.249999516683147e-07	8.387424089940475e-06	-4.231912499999998	0.05712289788647262	0.0	0.0	-20.04297612499988	2.9087882916987997	33.924688999999894	3.2307240640564676	-39.553284125000054	1.4495141473213042	32.48656450000004	3.037482318853244	-5.2003145871	0.16369647434802423	-29.90347999999979	1.2139095281329577	-32.31000658710006	1.4383453756668447
g8	g8	-2.1250000759209797e-06	7.887457219686646e-06	7.499999931326329e-07	9.150427050593029e-06	1.6249998728312676e-06	7.199140720222601e-06	5.000000332699983e-07	8.555698404483584e-06	2.6249999818617198e-06	7.833263134782331e-06	-4.584314749999997	0.07556983874498266	0.0	0.0	-14.002896374999729	0.8402843032994226	29.202035500000047	1.3534815466387293	-39.182103124999976	1.2595106415735706	26.189929750000065	0.9587515944224749	-5.4272195973	0.16279278650712398	-28.567275374999927	1.0450414633810436	-32.42228597230002	1.537481621581703
g9	g9	3.1249999176452546e-06	8.14767058248424e-06	-3.780087354243733e-14	9.968175437095222e-06	-1.125000063382231e-06	9.218248976242726e-06	-3.2500000141055806e-06	8.378589063688868e-06	-2.7500000564373296e-06	7.1351988406846744e-06	-4.768107624999998	0.07899547003616254	0.0	0.0	-12.836255625000728	0.6327057011389564	27.250375125000055	1.0121954359879637	-40.07114237500003	0.8222770371424538	25.288807999999975	1.18369620244222	-5.679002336399999	0.09102378000920325	-30.425134499999807	0.9821742526628442	-33.29759633639985	1.3619870210643685
g10	g10	8.750004803914635e-07	1.0064909228799947e-05	-3.124999999499778e-06	9.964448416511318e-06	4.1249999055992244e-06	8.781014189019849e-06	-7.499999777849098e-07	9.239195137022164e-06	-6.250000127749899e-07	9.183446663118476e-06	-4.631155124999998	0.10046550434413623	0.0	0.0	-7.690880624999777	3.2260837609978643	20.614818125000053	2.90769544052228	-39.908508625000024	0.7406224534967318	17.847323749999894	3.003262461181019	-5.413773867299999	0.10052276192560738	-31.61572574999983	0.5696122696379209	-35.16583886729998	0.6645205278732369
g11	g11	-3.875000022617314e-06	7.922953347578125e-06	6.249999991325694e-07	6.669027673524123e-06	-1.2500008480742509e-07	8.371085176329306e-06	-1.0000000018806077e-06	6.660020570297387e-06	-1.750000055125156e-06	8.705472277071399e-06	-4.788312125000002	0.08351263171853125	0.0	0.0	-9.173221999999482	3.6738933934239277	21.45351375000002	3.6427275352228428	-41.66024987499999	0.7962653801375357	19.078674624999973	3.5175570664544527	-5.704066408500001	0.06662853486011655	-34.168276374999905	0.9534733109267727	-37.458869783500056	1.0794599069745514
g12	g12	1.624999807745553e-06	7.558879998425617e-06	1.2500000204340722e-06	8.875324325177773e-06	2.2500000305569758e-06	6.878300314077915e-06	3.750000060875891e-07	8.752706182002056e-06	-1.2500006661753106e-07	8.647861231405184e-06	-4.920684875000001	0.09798942542861136	0.0	0.0	-9.723833875000777	4.486671260541913	22.324189374999918	4.467939880928242	-42.79081274999995	1.0550027077238895	19.889039874999924	4.309602696199809	-5.963689072799996	0.1296765775639631	-35.11113675000016	1.1511986224812831	-38.58929044779986	1.2858035820067568
g13	g13	2.2499997862723833e-06	8.906916848759807e-06	3.37500001535318e-06	8.091892216616404e-06	-2.000000022377435e-06	6.371973831810903e-06	-1.250000100583293e-07	6.588247702985337e-06	1.2500000595139226e-06	6.8987357217429055e-06	-4.710515374999999	0.06283556277465101	0.0	0.0	-48.89307137500051	10.15604805770099	61.21431962499989	9.676336053358119	-40.912521000000055	1.1479463004979857	59.99838125000022	9.416470009350961	-5.886759470399998	0.14056659391561302	-33.301783375000234	1.0122148022127284	-35.6939658453999	1.3005011898679746
g14	g14	-1.5000001747011993e-06	7.663412703585363e-06	-1.249999974959337e-06	7.651082826151841e-06	-1.2499996785209077e-07	8.890069407079865e-06	-1.8750000194955873e-06	9.2274153275746e-06	2.500000216798526e-07	9.448417432050274e-06	-4.567055000000003	0.10444557180346388	0.0	0.0	-53.752060124999154	11.569248755169502	65.48839200000006	11.370702980950963	-39.874387249999955	1.4166492504810675	63.83490162500015	10.84500471048802	-5.649910980300002	0.2416028238528686	-32.70511487499998	1.4765094569872907	-35.441461230300135	2.223107392233906
g15	g15	-4.499999622566975e-06	6.956929537758271e-06	-6.250000056695626e-07	9.14786403133196e-06	1.3749999527590262e-06	9.230473277851495e-06	2.3749999595423786e-06	8.844518250932558e-06	-6.249999211149771e-07	8.529686047560902e-06	-4.574717	0.08943153392024222	0.0	0.0	-52.609011500000506	10.7133827675826	64.95490275000012	10.174056300098123	-40.30004499999995	1.5101131509992407	62.72243199999993	9.677973112207424	-5.592374662499995	0.2645642035391964	-32.52887275000015	2.2136440935258164	-35.77900116250005	2.9289812637435815
g16	g16	-1.249999718311301e-06	8.966611193031578e-06	-2.000000004187541e-06	6.0510848203433075e-06	-1.3750000353240922e-06	8.107226324667153e-06	1.1249999985807334e-06	1.0165687337864105e-05	-3.0000000452901076e-06	8.822602704253955e-06	-4.519549375	0.0669938968433272	0.0	0.0	-6.658274749999903	3.5562065531661093	21.635436500000036	3.342947934146608	-39.27736150000001	0.9029304385619126	17.80467149999988	3.3327092371481033	-5.2037043354	0.11741322523964269	-28.819755625000024	1.53882522453526	-33.33467558539984	1.5490467740769878
m1	m1	2.8749999501087586e-06	8.144937944983971e-06	1.6250000336270887e-06	6.855302232463214e-06	-2.5000003219588505e-07	6.84673248643904e-06	-9.999999648968582e-07	8.933461036745213e-06	-1.624999951133077e-06	9.231701627881725e-06	-2.9586918749999973	0.03154337587284426	0.0	0.0	-11.244806750000238	1.3177200332122267	25.903481125000013	1.7066235010187305	-28.012896375000135	1.1418006223807564	19.73930337499992	0.9567702958992964	-3.822625237500002	0.11543162105972024	-16.312912250000124	0.8654135284677353	-23.34102336249985	1.4588425211056781
m2	m2	-1.1249998152607077e-06	9.274490052751067e-06	-1.4999999922338247e-06	1.019780243752749e-05	-1.2499995733605828e-07	8.506300375672031e-06	-4.999999961441404e-07	9.417231398529439e-06	1.7500000669201653e-06	8.832602541081722e-06	-1.186917749999997	0.3344279220959631	0.0	0.0	-103.48651487500013	49.16089405517026	95.29157699999996	41.86590062158489	2.15872674999988	2.91860980270001	109.754936375	46.07187777935674	-1.0750786865999995	0.3932325984358326	-7.223130374999735	6.197665586435018	7.352068063399829	5.4161359074729996
m3	m3	-3.750001843627615e-07	8.53403525620127e-06	-2.500000020262405e-06	1.0005098659190946e-05	7.499998869775482e-07	1.0088076350201886e-05	-1.249999828445425e-07	8.255779256683142e-06	-6.250000434704362e-07	1.0352514346770685e-05	-1.9766435000000002	0.63848390556041	0.0	0.0	-54.000581124999364	32.504242869098874	56.210143124999924	29.691237525284798	-5.876230750000024	4.979490764930503	69.09692949999993	32.087635447042054	-1.8737730819000042	0.6554763140093371	-5.643315124999776	3.0412891847882433	7.3463416681000355	4.093852876858378
m10	m10	-3.750003074287633e-07	7.95742458151666e-06	7.49999985885097e-07	9.188006334563346e-06	8.750000142754288e-07	1.040380843999198e-05	-9.999999719667585e-07	8.960438844502649e-06	-5.000000123800419e-07	9.129320574335473e-06	-1.9288096249999982	0.5195632710417907	0.0	0.0	-113.79370050000074	73.34618036612025	116.67946137500003	71.22310169557547	-2.919241375000129	4.542829708697704	146.1263650000001	73.66287864520902	-1.793723674499997	0.5206210499721576	-1.9622903750000524	5.022554093132233	27.61969920050005	9.783241209915507
