1-4_eel_avg	1-4_eel_se	1-4_vdw_avg	1-4_vdw_se	angle_avg	angle_se	bond_avg	bond_se	dihed_avg	dihed_se	ecavity_avg	ecavity_se	edisper_avg	edisper_se	eel_avg	eel_se	epb_avg	epb_se	vdwaals_avg	vdwaals_se	egb_avg	egb_se	esurf_avg	esurf_se	pb_tot_avg	pb_tot_se	gb_tot_avg	gb_tot_se
-1.053210233870658	2.9882340909680223	0.21147371370960855	0.5522489567922984	-0.27585288709691014	1.3165607824905925	0.08351904032250701	0.8349883961684856	-2.0407306451611404	1.090576580083557	-4.253374955645166	0.2825185276562895	0.0	0.0	-22.353160423387074	20.957029317013962	42.28199016129048	19.91683490174224	-51.97918119354836	1.9104527831493283	24.399315879032088	21.155035356321143	-7.04239023666772	0.6639843956104191	-39.37852742338612	3.757025009395415	-60.05021698666728	4.477883611754282
-11.821432733870722	3.0342592702642643	0.29418321370962985	0.45134650685676697	0.8999429879029606	1.4640975090142303	1.3477047903226005	0.8480954522867256	-1.0984365201612185	1.168657817053032	-5.366800830645163	0.2824551881026372	0.0	0.0	-37.831388798388076	21.86009128030062	87.98410391129029	20.589663966025842	-55.84592469354842	1.929003709362551	74.60808450403232	21.66385911120023	-8.927141947867728	0.659381575492593	-21.43804867338656	3.8427734772013826	-38.37440919786738	4.872271474618042
5.735202266130386	2.767180323496586	0.3493823548387631	0.47281377127515406	-1.2550132459678878	1.174867647340292	0.722131782257982	0.8446180218458507	0.1295682741937938	0.9439170931558807	-4.230456088709685	0.28740114518658066	0.0	0.0	-57.51288295564672	22.183138408711606	80.37313545161324	20.904787459836953	-39.99323613306444	1.9602172958569792	83.87864541532261	22.277273250090914	-7.938820703961275	0.6704981633817366	-15.682168294354256	3.782866746526727	-15.885022945896537	4.557687924426455
-2.272503983869683	2.712238015754422	0.29900096370961293	0.4949217098585242	2.263382862903107	1.3611715068668508	-0.7916845846773732	0.9077146783521959	-3.433738145161179	1.0432664957369508	-5.265356205645165	0.28487596378128666	0.0	0.0	-47.101507673388824	21.55232248344439	80.36650628629083	20.59820713330979	-59.202687818548355	1.8592285001507514	69.30405587903218	21.820051690798515	-9.40828122516772	0.6694780386256254	-35.13858829838625	3.799854056312879	-50.34396372516704	4.510784985301307
1.2351283911295354	3.3942478332902017	0.026364213709685558	0.5435928090634862	0.5664851129032975	1.4099864754461242	-0.4046730846773805	0.9464919842600347	-0.5817541451610282	1.161698104403659	-4.899406455645158	0.28359206814157883	0.0	0.0	-107.7142300483883	22.273932339041185	134.82099316129057	20.409963842687244	-40.30823544354841	1.930015010163913	156.74338500403212	21.87762536863477	-9.928427588767718	0.6652054933005849	-17.259328298386663	3.894164980712629	-0.36595758876742934	4.451719563756735
-3.2074651088691937	2.7641032176469493	-0.0028740362903203476	0.48058006397594194	0.7841166129030803	1.3313872525454227	0.6233626653226434	0.8185518598867536	-2.6477591451615368	1.08636395291221	-4.815009830645155	0.28253641492817183	0.0	0.0	-81.43317079838911	20.492007606928087	117.36748841129058	19.69028975850177	-43.332266693548355	1.927641877436891	127.51768325403215	20.71721086244253	-8.950473964567719	0.6572688004653263	-16.663577923386057	3.756576989586125	-10.648847214567652	4.291391136866429
0.10388126612963333	2.464675905966464	0.9619424637097289	0.4860001046137752	1.4114447379030892	1.2904624558595923	0.11286866532259587	0.873535432670785	-1.2311405201615102	1.1101392244172523	-4.747787955645161	0.2878686003586455	0.0	0.0	-86.90798142338849	21.057626452845305	119.45385916129102	19.975302203895218	-41.771312193548404	2.07149574503174	121.25028612903208	21.250658817227183	-9.041848940467728	0.6704301426270336	-12.614225798386713	4.117142409080507	-15.111859815468051	4.808258027047722
0.86174464113002	2.8267454142623536	0.21451408870964173	0.45962988566510526	0.40552486290295775	1.3379328511645254	0.24629266532254768	0.9155854783538959	0.06568160483897856	0.9579480062212123	-4.795970955645158	0.2849846968406721	0.0	0.0	-111.93015642338678	21.771619503352287	139.48420453629058	20.697337970669967	-43.285553068548275	1.9996606401804073	155.67149050403214	21.91246987100226	-9.363452975767721	0.6706650865333834	-18.733718048386038	3.7606877106284147	-7.113914100766706	4.4341473912766185
-0.8587159838699279	2.8886443212307915	-0.061654911290324854	0.47706433087743283	2.219934112903097	1.3475643296774165	-0.16590870967747495	0.8801264609807464	-1.442868895161432	1.1100725007170869	-4.9696490806451585	0.28934959008078154	0.0	0.0	-91.88245154838808	21.98477341993009	120.2204016612903	20.53931284745176	-41.695982068548396	1.956917019931778	126.64990037903239	21.71961742607427	-9.307051873867728	0.6792032526009253	-18.636895423386903	4.223578487591573	-16.544799498867974	4.964117381926943
0.047260766130321485	2.761022463665631	-0.11910841129029137	0.48771995552079467	-0.19931188709690595	1.3118155740649697	0.11740879032257823	0.734661959412124	0.7298647298385603	1.049396619641328	-4.504888080645166	0.28434951591824925	0.0	0.0	-109.73277154838797	21.289483261606645	139.88847153629087	19.979447088302138	-40.43945019354832	2.4373868687715974	142.15137625403236	21.6162677327399	-9.289752527467725	0.666939127346698	-14.212524298386626	4.261713934629332	-16.734484027467857	5.306345241384541
-1.5355536088694635	2.6918595851446563	0.39481096370970015	0.4544828925352138	0.27211186290322686	1.422285098897953	-0.06606295967747844	0.739283993208188	-1.3735843951610995	1.0504663718376321	-4.642312205645164	0.2821419577835953	0.0	0.0	-94.48529217338674	21.67377258403115	126.01098891129078	20.43427929440787	-42.55943356854823	1.983286036688136	131.199207379032	21.587182623260183	-9.893658150667722	0.6564549454056224	-17.98432717338656	3.724009548982951	-18.047454650667262	4.444359711497866
-1.0978184838699008	2.6412030480063433	-0.2767060362902569	0.4301959389459959	-0.08523776209677081	1.261602638425566	1.0776460403225778	0.820736885600963	-1.7072993951610904	1.1357115899514776	-4.548029580645164	0.28158766769516236	0.0	0.0	-91.49081204838845	20.74602063440786	127.2967510362906	20.140958922840024	-38.80723919354842	2.0474079401651175	136.99949262903203	21.357877986091058	-9.66989643546772	0.6649851543441727	-9.63874542338587	3.9869611698571896	-5.05787068546779	4.5319795209613964
0.687439641129572	2.6065922321454624	0.28691446370966034	0.53519959921391	-0.42875976209679223	1.2643510459339546	0.3338597903225011	0.9889196312668757	-1.3824576451611392	1.1227441527516198	-4.708053705645165	0.2835166499745832	0.0	0.0	-44.78030992338935	21.59502399400424	73.88580716129056	20.501108306436066	-51.4401648185484	1.7731313212757913	77.05794612903213	21.81692348257128	-8.221063325167737	0.6631828126889613	-27.545724798386388	3.757331672903271	-27.88659545016779	4.588401642948002
1.957606391129957	2.645438396110257	-0.0213635362903144	0.4388579506925429	-0.31071526209658984	1.3158824426587596	0.4136076653226146	0.7821950738130539	0.3091921048388606	1.0925642144659797	-4.773965080645159	0.2820120652383448	0.0	0.0	-100.98120792338943	21.233559568975718	125.6696352862904	20.096361928308415	-40.19569431854839	1.9375744109983353	144.4128712540323	21.48874530459842	-9.217985410567728	0.662728228515402	-17.932904673386304	3.893950212208279	-3.633689035567272	4.520068756585998
1.8734898911305322	2.444179937028227	-0.19368341129030853	0.46089376454751796	-0.4691947620969614	1.2883494739401973	0.2550566653225701	0.7981262798019036	-0.19118727016112302	1.0975843526687137	-4.723400705645163	0.2839134040033501	0.0	0.0	-56.316715548387464	20.965045260835275	82.32146966129082	19.942230146934726	-47.312170818548424	2.01280129418273	92.81135400403207	21.21250093865004	-8.551425103867732	0.6639672815615386	-24.75633629838589	3.7740249132197463	-18.094476353867847	4.4936700352388215
-1.359687108870446	2.989250688776237	-0.14239366129029563	0.4673180102688028	-0.2739566370969406	1.4201971347206388	0.8298354153226128	0.9581724938132757	-1.1120505201611977	1.0953985408349551	-4.865043580645162	0.28509282966067867	0.0	0.0	-67.71306029838922	21.525635789044955	100.92067316129055	20.419281141316635	-48.3965373185482	1.9842946624603803	111.6913431290325	21.7514511603024	-8.903880915967726	0.6698621265934159	-22.112220548385693	3.9615949488073787	-15.380387915966992	4.814897265692873
2.2762837661293247	2.8584842665567947	0.9101215887097069	0.47038580154057813	0.3187476129030955	1.2425429020868615	-0.12080420967742889	0.9191751937511722	-0.5518997701610289	1.1302134309927199	-4.850434830645163	0.28071096939968304	0.0	0.0	-43.65667217338941	22.481902675566435	72.23428291129049	20.667952025708654	-52.22185856854839	1.8333103012333551	77.33955350403201	21.810716597760855	-8.623455702067723	0.6661363350578839	-25.66223367338543	3.8348714808704494	-24.32998395206829	4.616587945275744
-0.10845398387016303	2.9284873169808368	0.1555292137097659	0.44050251979698957	-0.46010351209689304	1.2636857887432207	0.9036824153225425	0.8482796288637016	-0.6292823951611979	1.2850558022436787	-5.028570955645156	0.2858243724208065	0.0	0.0	-51.3960157983887	21.890165971489353	87.67720578629041	20.82379151290333	-48.074525943548416	1.9258009784810572	96.14554050403228	22.049242393273442	-8.770680057367723	0.6643798559831426	-16.960535173386603	3.806172748411477	-12.23430955736768	4.524324403305127
0.9125115161306212	3.045946444205335	0.16384271370966985	0.4877330885967639	2.273738487903401	1.2928597753141888	0.780398165322497	0.7825565141289264	-0.6819946451609198	1.1590271964127516	-5.009113330645162	0.2823881973005861	0.0	0.0	-69.00312379838789	21.367096279713635	99.7045140362905	20.22172452677	-49.55518831854831	2.033791948172088	102.83823025403264	21.494492942970513	-9.225266895667724	0.6638829377491032	-20.414415173386885	3.7782408023873746	-21.496852520667773	4.642673198201216
-1.676562108870371	2.8447781810388575	0.14621158870968287	0.5140631738248778	-0.7580875120968251	1.3295340298481992	-0.6164485846774763	0.7807549642983908	0.8925636048388093	1.1818689664448363	-4.8972915806451605	0.28591094868189093	0.0	0.0	-45.57682792338778	21.66257989115276	76.06430466129059	20.12686662778384	-51.98290444354839	2.0194383990721088	81.4702106290321	21.359378848587546	-8.561407251367722	0.6642976114930761	-28.40504229838598	4.1118181693770515	-26.66325200136707	4.820360373020417
-4.44805510887079	2.795236023819278	1.1892329637097383	0.46093654237560333	0.6174302379032	1.401279967080839	0.18294366532259865	0.7805971137894337	2.4405368548387294	1.0174317953913872	-5.039196830645164	0.28171450117127733	0.0	0.0	-34.70630267338893	20.779178656083303	71.2864516612907	20.079993906692025	-52.09262631854827	1.8940089029566074	74.53716762903206	21.363027254932923	-8.683433208667735	0.6618984985383496	-20.5695855483863	3.7815603823379047	-20.963105958667853	4.486213181875738
4.091437266130072	2.665542463667435	0.06027458870961411	0.47259579567548426	0.10108223790322768	1.1950955867420148	-0.9263193346773964	0.7541820957328802	0.8006676048389672	0.941402555438923	-4.714698955645162	0.28629234433153183	0.0	0.0	-31.464422673387276	20.928747769923522	49.27947753629051	20.15380373763561	-54.01016456854839	1.9940878427754871	50.577524754032154	21.33527491720157	-7.740890695567726	0.6652900959146648	-36.78266629838596	3.777761147798443	-38.51081082056798	4.605142001166219
-1.1842908588716057	2.614954334970452	0.07342008870964634	0.44901200974892647	0.8229581129032084	1.3148025868133963	0.17882866532245956	0.8322975112113965	-2.0464095201612693	1.1696167321190392	-4.920363955645158	0.2844895620207957	0.0	0.0	-21.576225923388762	22.055901728157338	49.93712228629079	20.747986663267458	-57.60069319354834	1.8964065833235286	52.429053504032034	21.814764828910953	-8.081878323367727	0.6656418720463422	-36.31565429838695	4.034690551900212	-36.98523744836732	4.60299508471012
-1.128131733869509	2.6457279473475155	0.6303303387097081	0.5002453293203976	-0.16599788709710595	1.3322697614919168	0.7327937903225799	0.7830164339148945	0.244072229838725	1.081628870572614	-4.992194580645159	0.28323372156833615	0.0	0.0	-18.264271298387456	21.480242572089562	42.7881575362905	20.40272087110059	-56.17192694354847	1.9072944859378422	42.9541145040323	21.598911897664067	-8.053265938267725	0.6658965676445416	-36.32716854838625	3.826818322902107	-39.222282938268016	4.5153894798354095
-0.3423414838706549	3.0326402236716627	0.6104808387097016	0.5277363252939653	-0.480503262096974	1.3353351986851214	-0.6609415846774702	0.9150065301112849	-0.2951457701611808	1.1832495530045524	-5.093929830645157	0.2822452792068193	0.0	0.0	-129.5425050483879	21.644257279283536	151.43945928629077	20.063218039544363	-47.98918731854841	1.8442562757261707	178.79755100403207	21.272119706942405	-9.278051577967734	0.6614060959870349	-32.35461417338644	3.934247006052055	-9.18064420296804	4.9127143772718345
3.4454842661302507	2.4695965029979816	0.3106462137096493	0.5203406353323202	1.1051289879030577	1.245082526241162	0.180961290322589	0.8431663391984209	-0.15354177016127935	1.0008159514076616	-4.957606955645161	0.28146514550849816	0.0	0.0	-149.8535422983877	20.976603570917042	164.22171953629095	19.941918428125156	-46.3006729435483	2.0537703047848663	191.51653337903218	21.188362227236293	-9.376763579767715	0.6676331793390529	-32.001423673386114	3.8946057486231513	-9.125766454767245	4.801649400178457
1.5036578911301604	2.8992865589047585	-0.010977286290355437	0.4876439244727272	0.20543736290318648	1.2197137481604496	-0.2864698346774155	0.7935005808296567	0.45710635483861495	1.1315782136059735	-4.963627955645161	0.2888204413158298	0.0	0.0	-140.25980592338783	22.248001202855868	156.78185678629043	20.91002987877512	-48.47055331854842	2.0279046466037522	174.21443225403215	22.028612632823638	-9.179617671667732	0.6715010350704038	-35.04337592338587	3.9948802561953896	-21.82679017166808	5.129239963997076
-4.661367858870449	3.136133777397938	-1.1000371612903272	0.45639393768303027	0.8854048629030054	1.4473572626101028	-0.7049410846774222	0.7963733579801293	3.580490479839142	1.1468198585984883	-4.579695955645154	0.2845806174473757	0.0	0.0	9.797702076611529	21.996996721690437	27.25793578629093	20.414502025167604	-53.72513556854835	1.9069639547072779	24.82081312903219	21.84421401291201	-7.372602697267728	0.6664462438385172	-23.249644423385462	3.91486021823364	-28.47967382226753	4.545242554725249
1.4344582661293543	2.7286861500312196	-0.2970986612903115	0.4867876961372923	-0.917228387096749	1.2846455994871344	-0.25585908467743046	0.755370329908549	1.1801137298389612	0.9762814481160594	-4.655982330645157	0.28777523988965686	0.0	0.0	-98.87522517338708	21.768177526103067	131.44596016129066	20.432225857768852	-44.721319818548295	2.0412939996439188	138.48026362903224	21.60309420622785	-9.37208988966773	0.6676414915629333	-15.662181298386066	3.8280251341283913	-13.343985389667896	4.65193953976776
4.707446641129806	3.033998757470728	0.4787783387096809	0.46012134191788523	0.6301173629031744	1.5691580300198626	-0.8726308346774907	0.8525075879850872	1.0168758548387373	1.153986788711	-0.2646337056451591	0.4095650378985135	0.0	0.0	-200.81750617338878	24.202774705928803	181.6963551612904	23.919080547176787	22.3222350564515	2.2792556278551164	321.19019125403213	26.891655033118244	-0.7568941380677221	0.8420751708202565	8.89703770161367	4.168075554442791	147.8986133619323	6.699727744091534
-2.738109483869806	2.7258119272366974	0.5052608387096296	0.42887987600160626	1.0559666129033403	1.2310673587360943	-0.7634074596774916	0.8856355881564697	-0.3555187701613711	0.9745664874475877	-1.2627403306451659	0.5434916562508827	0.0	0.0	-142.81878017338863	26.620980966401493	128.73179166129032	26.986472918830994	10.040150306451718	2.871615583146594	249.93743525403215	30.454453487651907	-1.8106371465677311	1.044083708874251	-7.605386798386519	4.248899245107191	113.05235997843226	6.900267469920106
-2.659142108869329	2.966499205926292	-1.2427149112903084	0.5747138053736035	3.8630702379031234	1.454916373234433	0.023529290322461094	0.7775650945875211	3.701021854838963	1.2055663914409884	-1.4629168306451499	0.42494759653048114	0.0	0.0	-382.59375054838677	29.543247779081206	358.3336210362906	27.826999741318573	27.828213306451744	2.472194136119084	508.2217283790322	30.9815050506805	-2.720333803267729	0.8603282665805109	5.79093132661319	4.580617611359062	154.42162169673293	6.8605639583521505
