ligname	pdbname	1-4_eel_avg	1-4_eel_se	1-4_vdw_avg	1-4_vdw_se	angle_avg	angle_se	bond_avg	bond_se	dihed_avg	dihed_se	ecavity_avg	ecavity_se	edisper_avg	edisper_se	eel_avg	eel_se	epb_avg	epb_se	vdwaals_avg	vdwaals_se	egb_avg	egb_se	esurf_avg	esurf_se	pb_tot_avg	pb_tot_se	gb_tot_avg	gb_tot_se
j1	j1	2.750000202240699e-06	6.8071587318140445e-06	-1.2499999873227807e-06	7.998678531778108e-06	-2.874999915434273e-06	9.357981865375135e-06	2.7500000049940355e-06	7.868809347810584e-06	3.499999989031721e-06	7.875644732871217e-06	-6.255130625000004	0.04265464416966757	0.0	0.0	-113.1961886249994	3.953379015886352	147.95660837499992	4.165359392408506	-61.582398250000026	1.4578051640197238	164.13430812500008	5.776586033104533	-11.530954770300003	0.09184126074978637	-33.077104249999714	3.1872107551902324	-22.175228645300002	4.982156351623271
j2	j2	-2.5000051891765905e-07	1.2285683660898013e-05	3.749999807922677e-07	8.764761973496311e-06	2.500000052521045e-06	7.457525642541912e-06	2.1250000352779354e-06	1.074329124962369e-05	-1.2500004032744982e-07	7.876586958660497e-06	-5.073354875000001	0.05127676033883039	0.0	0.0	-19.727838250000147	0.9082278067307811	65.18910525000024	1.9789362009930633	-55.663132875	0.7412688658631132	50.513748874999926	1.5104220047909103	-8.550558986399999	0.11661664104246056	-15.275216124999725	1.540019529638528	-33.427776611400006	1.0422435344344196
j3	j3	-1.2500000411819202e-06	1.0203161849547287e-05	-3.1249999983629095e-06	9.093309759420216e-06	-6.249999866270173e-07	7.801879766755754e-06	6.250000026852831e-07	6.500071421876116e-06	7.500001018456714e-07	5.949952946371848e-06	-4.024932124999999	0.01957441875068797	0.0	0.0	-43.79872199999903	1.2576631200920214	72.30025074999999	0.9231782887708689	-40.93752249999996	0.7428491281020865	79.19238937499999	1.519379036913716	-7.590273868800006	0.04319027341180202	-16.460929500000013	1.3287061652243466	-13.134132618799686	1.5803723525513886
j4	j4	2.875000186577381e-06	1.2248482216003898e-05	1.2499998533144208e-07	1.0574781311650767e-05	-1.249999868946361e-07	9.164376465665615e-06	5.000000099641966e-07	8.880039017143279e-06	3.7500001326407073e-07	1.0794664063839193e-05	-6.115074875	0.04846903279487593	0.0	0.0	-97.02947337499991	3.2530022863397883	131.523015125	3.325748176973255	-64.246109625	1.0222732376596937	143.79841175000004	3.7053665461337943	-11.523474910799996	0.12031907335853824	-35.867639000000324	1.5341851989865045	-29.000642410799973	1.6481965648146655
j5	j5	3.875000470543455e-06	7.472321135885517e-06	2.7500000098967803e-06	6.211722183417438e-06	-2.1250000671102497e-06	6.164160736687053e-06	1.1249999973728109e-06	7.187348251325563e-06	1.875000017079742e-06	9.23275579521819e-06	-3.6829006250000025	0.018765181907620797	0.0	0.0	-42.37992812500008	1.4607802066576123	65.80863212499997	1.3901715567274606	-36.78511650000001	1.022013320561543	75.45221125000006	1.8588339772829487	-6.902498348999996	0.04027498073991779	-17.03930562500002	1.7442783990319266	-10.615324223999776	2.084862339492705
j6	j6	1.7499993984415597e-06	7.861425959069915e-06	2.625000033589231e-06	8.183153851815959e-06	-8.750000191071194e-07	8.770712670433395e-06	3.1250000233029595e-06	7.957315040492016e-06	1.625000066667326e-06	7.659096642569124e-06	-3.8210333749999994	0.020121031141836023	0.0	0.0	-18.969674625001186	0.8911153760930551	50.366322375000045	0.8118098045868396	-43.97309350000003	0.5245943992565194	51.27806024999998	0.9130591590635334	-6.354440133300002	0.04674927558165945	-16.39747087499998	0.9491938274132515	-18.019139758299893	1.5206753153465518
j7	j7	1.6249996679107426e-06	9.053576877756149e-06	-2.1250000122563507e-06	8.91244346930397e-06	-1.2500005752258403e-07	8.498350504676836e-06	1.1250000184759301e-06	7.007629926762678e-06	-1.5000000830411864e-06	7.611701575103213e-06	-4.576723125	0.027262547513564116	0.0	0.0	-46.21095449999943	1.5756932776011239	86.17452125000017	1.6783138023871282	-44.74283499999998	0.5190790253108001	94.42327400000003	1.9089125037659453	-8.782184295899992	0.05300473462188625	-9.355992375000012	1.3848187136294714	-5.312700795900182	1.365139611602842
j8	j8	-3.125000124981625e-06	7.907491075726992e-06	-2.1250000195038865e-06	8.177497995287944e-06	-8.749999879853476e-07	8.693267484623828e-06	-8.384404281969182e-15	1.0963369575232517e-05	-2.7500000044256014e-06	7.613025674624655e-06	-3.660920499999999	0.0197743919656918	0.0	0.0	-18.57595887500119	1.150590732061564	47.910198750000035	1.1821581756268817	-42.954167	0.5282813424810829	47.78057499999997	1.5283223698929738	-6.192990634500006	0.050498201826167224	-17.280856500000013	1.0592516917913049	-19.94255038449987	1.2692028388040189
j9	j9	4.999998645871529e-07	8.405759607311843e-06	-2.2499999863967445e-06	8.658278149634153e-06	-1.3749999439482962e-06	8.929392621454134e-06	8.74999973028423e-07	8.45398811725172e-06	-3.250000075993853e-06	8.358334406587833e-06	-3.6302402500000013	0.02635895321006919	0.0	0.0	-28.17190937499959	1.6069801590650103	51.08416049999996	1.831765374872747	-36.98063350000001	0.6571329830830699	49.905482124999835	2.4812743941971642	-6.3521680302	0.06892187860910703	-17.69862812499989	1.4533379338040815	-21.599234280200175	2.059874134760184
j10	j10	-1.2500031459694583e-07	7.878819696485821e-06	1.8749999834000165e-06	9.875140459434107e-06	1.249999937762425e-06	7.662791147038409e-06	-7.499999748361574e-07	8.486391347756796e-06	-1.8749999912159865e-06	6.787534113131288e-06	-2.523763874999998	0.015508901080384456	0.0	0.0	-19.604444375000057	1.9706360090360984	33.14039549999998	2.09957656469382	-27.70592100000002	1.0218778468809278	28.060355749999953	3.7834223723612954	-4.2115756779000035	0.0776683021959522	-16.693733375000114	1.3240798095707729	-23.46158492790013	2.8326397838139754
j11	j11	2.5000026653287933e-07	6.4322910747421515e-06	3.75000000840231e-06	1.0118699357017285e-05	8.750000051804819e-07	9.655840358608172e-06	2.1250000125760947e-06	7.438313787997963e-06	1.37500006488267e-06	7.457512103631076e-06	-2.8473986250000043	0.018343922718820068	0.0	0.0	-21.257558124999814	1.021635059376845	38.478821625	1.1129328917244876	-31.00184612499993	0.6100751607382404	34.81714574999986	1.3925465250444078	-5.312905717500002	0.02908423122108997	-16.627972874999504	1.2361165075586902	-22.75515584250023	1.8423393547606626
j12	j12	-1.2500003981585905e-06	8.879666785750379e-06	1.749999999525187e-06	1.011368010214825e-05	1.0000001104515377e-06	8.005172509689736e-06	-1.374999979191216e-06	9.967734952320014e-06	8.750001014590225e-07	7.326317444399915e-06	-2.8758005000000013	0.015939770228321385	0.0	0.0	-17.834671750000297	1.1158482349854022	36.90117262500009	1.4910922481382525	-29.36493012499994	0.5005053823218459	35.8896192499999	1.4909952081770332	-5.337306452699994	0.0532912783748086	-13.174228750000056	0.9660045025213787	-16.64728807769999	0.8186604734633174
g1	g1	1.5000001030784915e-06	1.1462307129812667e-05	2.125000030588353e-06	1.0065359718629869e-05	-1.2500000005388757e-06	7.754647266233269e-06	6.249999790952643e-07	7.1322609938725e-06	-8.749999904011929e-07	7.83691781752414e-06	-4.973763250000002	0.02173788746687564	0.0	0.0	-27.36340425000026	1.0502777960202474	70.19344937499989	1.8586266556135382	-52.782875874999945	0.5812535632352372	81.544482625	3.7652835958795623	-8.923858110000005	0.06370967115649828	-14.926591875000067	2.0399409957439683	-7.525653485000435	3.753877747836687
g2	g2	8.74999550433131e-07	8.592161605176242e-06	3.749999896740519e-07	1.0152144818794039e-05	-1.4999999149267751e-06	1.0079206862889839e-05	6.250000008023448e-07	8.667077431193136e-06	-2.499999960008381e-06	8.236774283686707e-06	-3.7316731249999964	0.019753916630360344	0.0	0.0	-22.351075499999475	1.2330953995039327	48.711240000000046	1.2964186035888243	-39.85326562500002	0.45417339839880133	57.51461037500004	1.3063923533418844	-6.582600153900001	0.04924957645051806	-17.224776375000605	0.9666776614394625	-11.272333028899913	1.297750533258969
g3	g3	1.7499998830317054e-06	8.753257188854182e-06	5.000000186328179e-07	8.218909197962238e-06	1.875000013171757e-06	9.678465597460019e-06	-1.9184653865522706e-15	1.0070840575994117e-05	-2.9999999763674624e-06	7.6279209291128005e-06	-4.620827999999999	0.019621027012084295	0.0	0.0	-25.376236624999382	1.0780972341829067	63.040350500000066	1.1232672664743886	-49.09786749999998	0.8367396897239499	76.13426174999994	2.407454642668899	-8.236170533699996	0.0515837243136823	-16.054580500000355	1.223952977142818	-6.576011783700085	2.538041383721959
g4	g4	3.750007203962014e-07	8.497207428759846e-06	3.875000039244014e-06	1.0718310372205214e-05	-1.3750000961465504e-06	1.1113179343502123e-05	-1.125000015562705e-06	8.610078887449343e-06	1.7499999117376318e-06	9.83598751283383e-06	-4.530813250000002	0.02023560839378325	0.0	0.0	-30.113772250000785	1.0226850596941968	66.5784591250001	1.3038883084263602	-48.635048375000025	0.44645976271216176	80.26907812500016	2.123549267875896	-8.187796121400005	0.06918116546891497	-16.701171249999867	1.1868160580535152	-6.667535121399602	1.9755245105750867
g5	g5	-2.3750003470013326e-06	7.861163655626438e-06	1.8749999927081261e-06	8.366377335103282e-06	4.999999642052444e-07	8.566474465301685e-06	-4.99999960723585e-07	8.135641352805341e-06	2.5000007582320903e-07	8.740219023354521e-06	-4.832917000000002	0.01845478128520486	0.0	0.0	-30.81049124999967	0.8602764568298871	70.65372874999997	1.1684683953294523	-52.161132875000014	0.4785875124106572	81.42843375000011	1.5024257054270802	-8.651159462699997	0.04487024296441313	-17.150812624999904	0.9435559533095691	-10.194350087700096	1.4870547701525525
g6	g6	8.750001097723726e-07	9.001623038156024e-06	-1.2500000005388757e-06	9.329604104353382e-06	1.2500000266868484e-07	8.231813605902473e-06	-3.750000143298848e-07	7.4023348228679095e-06	-1.2500000715931493e-06	9.856887692222536e-06	-5.175255625000002	0.021444387703039018	0.0	0.0	-26.317771374999865	0.9422949392087286	72.70501162499988	1.0855005640812951	-53.096410125000055	0.9514799692097268	87.65639950000006	1.6042328487609843	-9.047945396699998	0.059511115932895715	-11.884427374999914	1.3615259378206233	-0.8057292717000132	2.007236336776956
g7	g7	1.1249998078710633e-06	7.014774607459316e-06	6.250000166119207e-07	8.475421572264683e-06	-1.1250000187601472e-06	7.549794768792545e-06	1.2500000074311402e-06	9.839524231208589e-06	-2.3749999036226652e-06	6.918206847838615e-06	-4.586807124999998	0.03859230484044366	0.0	0.0	-31.14575600000049	1.4939943776250064	67.38616199999991	1.8806887051275103	-51.11506862499999	1.2075061142189538	71.64253437499998	2.4167283582757326	-8.0571248316	0.0807686870813894	-19.461470250000094	2.39443504755364	-18.67541558160027	3.3319501075802145
g8	g8	1.624999385967385e-06	1.028676910076496e-05	-1.0000000361287675e-06	8.601020096513586e-06	4.999999030985692e-07	1.0153627584361828e-05	1.1250000355289558e-06	8.326155840455267e-06	6.250000663499122e-07	7.656173794422277e-06	-5.189206000000002	0.02401065102516566	0.0	0.0	-26.313300250000182	1.4457837538918548	71.69778962500004	1.8626454927749645	-54.01103325000004	0.8330712601031103	85.85528475000008	3.6065148325213614	-9.325819232099999	0.059606581984567995	-13.815747000000115	1.9052676062843203	-3.794865107100482	3.5568852500846075
g9	g9	-2.2499998442526703e-06	8.091521458115518e-06	8.749999628321348e-07	7.03785793701735e-06	2.4999994352015165e-07	1.148387548528181e-05	2.9999999758700825e-06	6.706420287713125e-06	1.2500011266070031e-07	9.194534721749765e-06	-5.353867999999998	0.036219625774009216	0.0	0.0	-24.20479675000011	1.705268219408672	70.30824987499992	1.7096680503120414	-55.31150399999992	0.7155117973579905	82.69034337500001	2.710848785337866	-9.5361479838	0.1082835449050321	-14.561916874999909	1.0378878371357232	-6.3621033587999465	1.4999298985662246
g10	g10	-6.250000978980097e-07	9.147878091164673e-06	-6.249999924534677e-07	8.285488839568598e-06	-2.499999968108568e-06	7.60147296361524e-06	-1.249999986896455e-06	1.0074661824566808e-05	2.500000627492227e-07	8.246133713728902e-06	-5.839312375000002	0.0201665586343939	0.0	0.0	-73.5047073750001	2.579463231164632	107.79353975000002	2.81218090251661	-60.33268000000002	0.6407147774566034	136.05689087500002	4.047408113228982	-10.671268420799997	0.05701640889614359	-31.88316474999993	0.9930665925794211	-8.45176967079981	2.0846416070771525
g11	g11	-4.999999111987564e-07	6.537433607502985e-06	8.750000247914613e-07	1.0034359367729118e-05	1.8750000475620255e-06	7.666944495846975e-06	3.499999998837211e-06	7.669970672958175e-06	-2.4999993229357644e-07	9.271669846765749e-06	-5.980095625000001	0.027848050021825218	0.0	0.0	-73.89753249999916	2.6135520195912973	108.68510337499998	2.6788497877804094	-62.86718637499998	0.7152063574385179	139.978838625	3.560187919296755	-10.970365405500004	0.08096263421934533	-34.059705624999964	1.239711844894864	-7.756240155499629	1.6745020262801806
g12	g12	1.374999671952537e-06	7.23468765097714e-06	1.0000000318655111e-06	8.95254173031349e-06	-3.7499999885426407e-06	7.228377961450139e-06	-4.999999933374965e-07	8.821246895331319e-06	1.8750000296563485e-06	8.24250353216217e-06	-6.205315499999999	0.030085449433843083	0.0	0.0	-74.19667324999963	3.2681165583082614	110.75793899999995	3.327624020174669	-64.25075099999998	0.8191145212682734	139.79731962500003	3.162393070139108	-11.353369207499998	0.09375089900431208	-33.894800749999966	2.540073574264365	-10.003473832499786	2.006934351104993
g13	g13	2.6250001883454388e-06	8.547605408018635e-06	1.8749999688338903e-06	9.271084894311277e-06	2.8750000163313416e-06	6.893083318310048e-06	3.749999972058049e-07	8.495430578440164e-06	5.000001213772976e-07	6.47551415890911e-06	-5.157121999999999	0.035768705440157186	0.0	0.0	-157.70730425000033	2.926197751589091	168.7643036250001	2.5190193022172904	-48.64364549999998	1.0803215265909312	219.536416875	4.729574699300155	-9.760120557299999	0.1111484158534359	-42.743759875000116	1.835830087313886	3.4253548176999336	5.365735663726362
g14	g14	-5.000000169275154e-07	1.0915983921963024e-05	-1.6250000132345121e-06	8.795651720507857e-06	1.250000221375558e-07	1.1400307028155508e-05	-1.8750000198508588e-06	9.727928569314626e-06	-1.3750001626533503e-06	8.970841866647243e-06	-4.9437295	0.030724057481381115	0.0	0.0	-161.47886199999937	3.220870142902198	169.79959599999995	2.8667017324887163	-47.10159962500009	1.2535244744231833	220.26222262499996	6.274265768168216	-9.441349642800004	0.09798021897458448	-43.72460037499994	2.8304103350176257	2.2404061072000037	7.472179342356545
g15	g15	5.000002920496627e-07	1.022667564794431e-05	1.999999999071633e-06	7.387639503107054e-06	3.874999924136091e-06	7.963361835021214e-06	-3.7499999926637884e-07	8.99654508123598e-06	2.1250000555994574e-06	7.217342426668853e-06	-4.944485749999999	0.027492655341865676	0.0	0.0	-157.65199887499995	3.3062666742598297	167.767451625	2.4446986490188287	-47.713390499999996	1.4888121281402245	208.23496899999992	6.424418275185172	-9.265701685499998	0.0815968963737782	-42.5424153749997	3.8739942012794537	-6.3961139355001055	9.023756886405712
g16	g16	-1.7500001013104338e-06	7.074871847842459e-06	2.125000005293032e-06	8.652228125298977e-06	-6.249999771057446e-07	8.70336129887323e-06	1.2500000941884083e-07	1.0359817050002517e-05	-1.3750000246659511e-06	7.349285646229755e-06	-5.861473	0.021827838576379516	0.0	0.0	-70.25120600000109	3.6293636347165408	111.25377587500006	3.1465514199763804	-60.26058950000001	0.8064951934500001	137.31208899999982	4.474822069766187	-10.661996048399999	0.056412909337947854	-25.119494124999775	2.337565545949618	-3.861704048400262	3.216614929134176
m1	m1	8.749996413826011e-07	9.079538470281482e-06	1.4999999947917787e-06	1.1183814697887794e-05	-2.5000002381148077e-07	6.850684902122521e-06	6.250000222962626e-07	9.098176732464007e-06	-8.750000593948926e-07	8.811209528678749e-06	-2.8205616250000025	0.015325956795398974	0.0	0.0	-18.879906250000143	1.511702541517104	40.666604499999906	1.3716620756901174	-32.89700374999996	0.8529135662180918	34.17238737499991	2.5007839799596217	-4.900635930599995	0.07101091104225593	-13.930865249999984	0.9621768870888067	-22.505156680599658	1.9332726335773982
m2	m2	-2.500003586192179e-07	7.853345947233597e-06	-9.379164112033323e-15	7.288227048175431e-06	-7.499999188098627e-07	9.80135047520006e-06	6.249999780649774e-07	1.121060261014703e-05	1.99999990940114e-06	9.67653814837045e-06	-2.7297617500000033	0.019150479752144046	0.0	0.0	-401.2648028749999	9.723617612441465	354.35496425	6.58489579902994	10.199923749999996	1.3033277450885759	515.591631	15.711708053465633	-6.166629155699992	0.10730773006231252	-39.439674999999674	6.701522654447291	118.36012434430033	13.84985919254616
m3	m3	-2.50000093728886e-07	8.924101876636018e-06	-1.0000000239784867e-06	9.459647985942751e-06	1.7499999586334526e-06	1.0711711436533818e-05	4.999999848109838e-07	8.328837301403213e-06	2.2499999656133694e-06	8.952018679094424e-06	-4.257835624999995	0.04075180646424308	0.0	0.0	-357.30694087500063	14.271243874601124	333.5713382499998	11.561237125787768	-4.209836500000013	3.077162504390937	505.8068253749999	19.237426428905955	-9.201086859599991	0.2139846553780006	-32.20327149999971	6.358018588889417	135.0889643904002	10.184942768111856
m10	m10	-1.249999801160584e-06	6.913803366189369e-06	-1.249999939290092e-07	9.730795443224968e-06	-1.0061285138363019e-13	8.961322772474712e-06	1.250000007644303e-06	5.797351027293527e-06	-1.4999999544329512e-06	1.052584773565609e-05	-3.8294453749999997	0.02329280438252638	0.0	0.0	-616.5079981249984	24.681843018032193	562.4216998750002	19.930828856072466	11.658125124999978	3.067942903636193	768.2364335	22.89031193877659	-8.269705944900009	0.163249812566759	-46.25762012500012	8.92680158490156	155.11685293010024	12.305394291652503
